# lines in header: 30
# filename: data_ancillary/imap_glows_lya-2010a_v003.dat
# initial file: lyaSeriesV4.dat /  Izabela Kowalska-Leszczynska  (ikowalska@cbk.waw.pl) / 2091.5
# description:  Composite Lyman-alpha total irradiance [ph cm^-2 s^-1] interpolated to CRs halves adjusted to 1au                
# 
# creation date: 2025-05-14 08:24:12.471
# 
# 
# 
# 
# 
# 
# 
# 
# 
# Remarks:
# observational data: Lyman alpha composite series V4 provided by LASP: http://lasp.colorado.edu/data/timed_see/composite_lya/                 
# Tag: 2024b                
# 
# 
# 
# 
# 
# initial creation date: 2024-11-04                
# initial software:  /mnt/d/dane/imap/externalData/Lya/src/make_data_products.py                
# initial source files:  /mnt/d/dane/imap/externalData/Lya/raw_data/lyman_alpha_composite_2024-11-04.nc                
# 
# 
# Columns: time [decimal_year] flux_adjusted [ph cm^-2 s^-1] CR
# ###############################################
1947.167990000000 6.199757637899209e+11 1250.5
1947.242716800000 6.211534651466595e+11 1251.5
1947.317443700000 6.161270555605602e+11 1252.5
1947.392170500000 6.394680586051628e+11 1253.5
1947.466897400000 6.179839271292325e+11 1254.5
1947.541624200000 6.085786961457970e+11 1255.5
1947.616351100000 6.094399019554268e+11 1256.5
1947.691077900000 5.855037476542853e+11 1257.5
1947.765804800000 5.748347954655433e+11 1258.5
1947.840531600000 5.513360752099208e+11 1259.5
1947.915258500000 5.434087622195119e+11 1260.5
1947.989985300000 5.331187766050380e+11 1261.5
1948.064535400000 4.991372571109176e+11 1262.5
1948.139058100000 4.855649345667249e+11 1263.5
1948.213580700000 5.061204592282939e+11 1264.5
1948.288103400000 5.780593863808030e+11 1265.5
1948.362626100000 6.008317911838688e+11 1266.5
1948.437148800000 5.749626298512223e+11 1267.5
1948.511671400000 5.655601288265479e+11 1268.5
1948.586194100000 5.566242262649856e+11 1269.5
1948.660716800000 5.315022818688594e+11 1270.5
1948.735239500000 5.329858784290320e+11 1271.5
1948.809762200000 5.280672434319639e+11 1272.5
1948.884284800000 5.300141074930439e+11 1273.5
1948.958807500000 5.542777994850824e+11 1274.5
1949.033421500000 5.545955520605697e+11 1275.5
1949.108148400000 5.787810177636560e+11 1276.5
1949.182875200000 5.809027420597908e+11 1277.5
1949.257602100000 5.529594237432947e+11 1278.5
1949.332328900000 5.367917830772188e+11 1279.5
1949.407055800000 5.206882215197476e+11 1280.5
1949.481782600000 5.243391985250126e+11 1281.5
1949.556509500000 5.360616325827783e+11 1282.5
1949.631236300000 5.430028921173267e+11 1283.5
1949.705963200000 5.478148266617413e+11 1284.5
1949.780690000000 5.453025482740206e+11 1285.5
1949.855416800000 5.389226469280513e+11 1286.5
1949.930143700000 5.272920758743166e+11 1287.5
1950.004870500000 5.008642612034419e+11 1288.5
1950.079597400000 4.942857226456037e+11 1289.5
1950.154324200000 5.058612204708971e+11 1290.5
1950.229051100000 5.008028188857955e+11 1291.5
1950.303777900000 5.234663754681825e+11 1292.5
1950.378504800000 5.161744299446890e+11 1293.5
1950.453231600000 4.922623062818164e+11 1294.5
1950.527958500000 4.864524703398310e+11 1295.5
1950.602685300000 4.749652975243410e+11 1296.5
1950.677412200000 4.461198575458719e+11 1297.5
1950.752139000000 4.335957666234966e+11 1298.5
1950.826865900000 4.316962596059545e+11 1299.5
1950.901592700000 4.295900657313651e+11 1300.5
1950.976319600000 4.244700625906664e+11 1301.5
1951.051046400000 4.351034370129035e+11 1302.5
1951.125773300000 4.314932286810542e+11 1303.5
1951.200500100000 4.390446586545566e+11 1304.5
1951.275227000000 4.702252586250448e+11 1305.5
1951.349953800000 5.144262047260823e+11 1306.5
1951.424680700000 5.249609061945120e+11 1307.5
1951.499407500000 4.882161481430430e+11 1308.5
1951.574134400000 4.620305145512281e+11 1309.5
1951.648861200000 4.498424318602825e+11 1310.5
1951.723588100000 4.528574075137249e+11 1311.5
1951.798314900000 4.429889204877365e+11 1312.5
1951.873041800000 4.342969345241469e+11 1313.5
1951.947768600000 4.293303132151395e+11 1314.5
1952.022434000000 4.224311509530309e+11 1315.5
1952.096956700000 4.087116752053748e+11 1316.5
1952.171479400000 3.936422399677294e+11 1317.5
1952.246002000000 3.969122381422617e+11 1318.5
1952.320524700000 4.004021070617096e+11 1319.5
1952.395047400000 3.987339860182962e+11 1320.5
1952.469570100000 4.111473333075085e+11 1321.5
1952.544092800000 4.153492464622684e+11 1322.5
1952.618615400000 4.170477024927434e+11 1323.5
1952.693138100000 4.102038929034967e+11 1324.5
1952.767660800000 3.975556579992931e+11 1325.5
1952.842183500000 3.950121620026276e+11 1326.5
1952.916706100000 4.003087060393496e+11 1327.5
1952.991228800000 3.983007680168020e+11 1328.5
1953.065931600000 3.887929389093680e+11 1329.5
1953.140658500000 3.764881761915999e+11 1330.5
1953.215385300000 3.771576306810654e+11 1331.5
1953.290112200000 3.885358509507866e+11 1332.5
1953.364839000000 3.846696402623413e+11 1333.5
1953.439565900000 3.841139754120160e+11 1334.5
1953.514292700000 3.815064819511216e+11 1335.5
1953.589019600000 3.839738249825118e+11 1336.5
1953.663746400000 3.814460520004711e+11 1337.5
1953.738473300000 3.807974276374481e+11 1338.5
1953.813200100000 3.770502732990123e+11 1339.5
1953.887927000000 3.728066806298996e+11 1340.5
1953.962653800000 3.704239679248481e+11 1341.5
1954.037380700000 3.674645792898062e+11 1342.5
1954.112107500000 3.687347920398720e+11 1343.5
1954.186834400000 3.742461054508146e+11 1344.5
1954.261561200000 3.721725802632454e+11 1345.5
1954.336288100000 3.723020622115289e+11 1346.5
1954.411014900000 3.724596842866370e+11 1347.5
1954.485741800000 3.730442861490538e+11 1348.5
1954.560468600000 3.745313188161631e+11 1349.5
1954.635195500000 3.762566593879495e+11 1350.5
1954.709922300000 3.765543324485764e+11 1351.5
1954.784649200000 3.785791041501110e+11 1352.5
1954.859376000000 3.771793148453824e+11 1353.5
1954.934102900000 3.801517572500446e+11 1354.5
1955.008829700000 3.924898255263233e+11 1355.5
1955.083556600000 3.918396655067448e+11 1356.5
1955.158283400000 3.877890632685999e+11 1357.5
1955.233010300000 3.860874578614908e+11 1358.5
1955.307737100000 3.918665407313651e+11 1359.5
1955.382464000000 4.028982561150850e+11 1360.5
1955.457190800000 4.138137194544883e+11 1361.5
1955.531917700000 4.152028512435583e+11 1362.5
1955.606644500000 4.182204100501572e+11 1363.5
1955.681371400000 4.239848883461168e+11 1364.5
1955.756098200000 4.342144611661268e+11 1365.5
1955.830825100000 4.617304042194723e+11 1366.5
1955.905551900000 4.779686433676823e+11 1367.5
1955.980278800000 4.768406158425087e+11 1368.5
1956.054855300000 4.930851229729977e+11 1369.5
1956.129378000000 5.213854913646889e+11 1370.5
1956.203900700000 5.246605039025094e+11 1371.5
1956.278423400000 5.316898276950169e+11 1372.5
1956.352946000000 5.275675722068438e+11 1373.5
1956.427468700000 5.222317881885245e+11 1374.5
1956.501991400000 5.340400446798602e+11 1375.5
1956.576514100000 5.477506290120405e+11 1376.5
1956.651036700000 5.717058274888552e+11 1377.5
1956.725559400000 5.803699413235736e+11 1378.5
1956.800082100000 5.845265313599780e+11 1379.5
1956.874604800000 6.182742803030812e+11 1380.5
1956.949127500000 6.243267200076855e+11 1381.5
1957.023714900000 6.056333736128804e+11 1382.5
1957.098441800000 5.716571608822793e+11 1383.5
1957.173168600000 5.547060557261370e+11 1384.5
1957.247895500000 5.635739094902942e+11 1385.5
1957.322622300000 5.713341019991058e+11 1386.5
1957.397349200000 5.808236711406157e+11 1387.5
1957.472076000000 6.170038769373843e+11 1388.5
1957.546802900000 5.818969506699664e+11 1389.5
1957.621529700000 5.646405467860647e+11 1390.5
1957.696256600000 5.971697546953754e+11 1391.5
1957.770983400000 6.217999686477145e+11 1392.5
1957.845710300000 6.426535296065557e+11 1393.5
1957.920437100000 6.280901966060114e+11 1394.5
1957.995164000000 6.552861552316654e+11 1395.5
1958.069890800000 5.951299562415587e+11 1396.5
1958.144617700000 5.685608092319900e+11 1397.5
1958.219344500000 6.003381439703142e+11 1398.5
1958.294071400000 6.056928006372985e+11 1399.5
1958.368798200000 6.022613134573628e+11 1400.5
1958.443525100000 5.942510206058710e+11 1401.5
1958.518251900000 5.978766242312402e+11 1402.5
1958.592978800000 6.090246524718928e+11 1403.5
1958.667705600000 6.046721427216906e+11 1404.5
1958.742432500000 5.913454058631233e+11 1405.5
1958.817159300000 6.049658348187249e+11 1406.5
1958.891886200000 5.897233184073027e+11 1407.5
1958.966613000000 5.854066426744663e+11 1408.5
1959.041339901237 6.175553863081899e+11 1409.5
1959.116066703472 5.668494870612339e+11 1410.5
1959.190793605708 5.589189637354731e+11 1411.5
1959.265520407944 5.642219038623551e+11 1412.5
1959.340247310179 5.700272199141531e+11 1413.5
1959.414974112415 5.519071068414238e+11 1414.5
1959.489701014651 5.733476382700171e+11 1415.5
1959.564427816886 5.864206646443445e+11 1416.5
1959.639154719122 5.878293613687235e+11 1417.5
1959.713881521358 5.538894301730518e+11 1418.5
1959.788608423593 5.286356379666564e+11 1419.5
1959.863335225829 5.343091928719209e+11 1420.5
1959.938062128065 5.423056944491255e+11 1421.5
1960.012754000002 5.389236537853940e+11 1422.5
1960.087276600014 5.558343945570947e+11 1423.5
1960.161799300026 5.018859373668995e+11 1424.5
1960.236322000037 5.132563558382056e+11 1425.5
1960.310844700049 5.165052453321082e+11 1426.5
1960.385367300061 5.142304928267771e+11 1427.5
1960.459890000073 5.201709811686205e+11 1428.5
1960.534412700085 5.251333661427260e+11 1429.5
1960.608935400096 5.343638782803652e+11 1430.5
1960.683458100108 5.101928607035479e+11 1431.5
1960.757980700120 4.878550561164277e+11 1432.5
1960.832503400132 4.714148931535023e+11 1433.5
1960.907026100143 4.613666875634502e+11 1434.5
1960.981548800155 4.443771593264302e+11 1435.5
1961.056225099911 4.231369323175380e+11 1436.5
1961.130951899792 4.128892577746062e+11 1437.5
1961.205678799674 4.147784513370798e+11 1438.5
1961.280405599555 4.171381548985413e+11 1439.5
1961.355132499437 4.143975998915762e+11 1440.5
1961.429859299319 4.135006079861995e+11 1441.5
1961.504586199200 4.236000281991927e+11 1442.5
1961.579312999794 4.294044983355027e+11 1443.5
1961.654039900548 4.214207972350690e+11 1444.5
1961.728766700430 4.217957410007683e+11 1445.5
1961.803493600311 4.064173870684187e+11 1446.5
1961.878220400193 3.979427670781514e+11 1447.5
1961.952947300075 4.013119863709487e+11 1448.5
1962.027674100000 3.913289634623802e+11 1449.5
1962.102401000000 4.011927139605419e+11 1450.5
1962.177127800000 4.128010874589553e+11 1451.5
1962.251854700000 4.210696749040378e+11 1452.5
1962.326581500000 4.162071091919020e+11 1453.5
1962.401308400000 4.155782368299683e+11 1454.5
1962.476035200000 4.131599161139957e+11 1455.5
1962.550762100000 3.938372847744089e+11 1456.5
1962.625488900000 3.815109725821963e+11 1457.5
1962.700215800000 3.940687298858253e+11 1458.5
1962.774942600000 3.917486041231321e+11 1459.5
1962.849669500000 3.880691238542502e+11 1460.5
1962.924396300000 3.812836473021302e+11 1461.5
1962.999123200000 3.817400626667738e+11 1462.5
1963.073850000234 3.807508432190677e+11 1463.5
1963.148576800471 3.786446616484061e+11 1464.5
1963.223303700708 3.837340306036104e+11 1465.5
1963.298030500945 3.848868398454797e+11 1466.5
1963.372757401182 3.912968673069183e+11 1467.5
1963.447484201419 3.934456829470162e+11 1468.5
1963.522211101656 3.825636350574948e+11 1469.5
1963.596937901893 3.820108444047822e+11 1470.5
1963.671664802130 3.845613836069434e+11 1471.5
1963.746391602367 3.855078378657166e+11 1472.5
1963.821118502604 3.838724769561607e+11 1473.5
1963.895845299670 3.797271215128600e+11 1474.5
1963.970572199907 3.724908720499744e+11 1475.5
1964.045175300429 3.739863772528742e+11 1476.5
1964.119698001135 3.692819644866465e+11 1477.5
1964.194220601843 3.758870263238810e+11 1478.5
1964.268743299387 3.792715762832192e+11 1479.5
1964.343266000094 3.686719251561511e+11 1480.5
1964.417788700801 3.671060680676912e+11 1481.5
1964.492311301508 3.704497730085829e+11 1482.5
1964.566834002215 3.684717069704219e+11 1483.5
1964.641356702922 3.690127648508831e+11 1484.5
1964.715879400467 3.672024523752677e+11 1485.5
1964.790402001174 3.668252101079023e+11 1486.5
1964.864924701881 3.684782944915988e+11 1487.5
1964.939447402588 3.760817604816210e+11 1488.5
1965.014008400133 3.771099820015248e+11 1489.5
1965.088735200844 3.745786760119529e+11 1490.5
1965.163462098384 3.730480665808012e+11 1491.5
1965.238188899095 3.724676938617982e+11 1492.5
1965.312915799806 3.733665390688491e+11 1493.5
1965.387642600517 3.853351515294791e+11 1494.5
1965.462369501228 3.865653819087048e+11 1495.5
1965.537096298767 3.833134161855290e+11 1496.5
1965.611823199478 3.824902637894948e+11 1497.5
1965.686549997018 3.806469793085945e+11 1498.5
1965.761276797729 3.841343872607130e+11 1499.5
1965.836003698440 3.828986903710043e+11 1500.5
1965.910730499151 3.767772008271777e+11 1501.5
1965.985457399862 3.824498718833558e+11 1502.5
1966.060184200000 3.924848610473185e+11 1503.5
1966.134911100000 3.858005062115977e+11 1504.5
1966.209637900000 3.914949251845345e+11 1505.5
1966.284364800000 4.021609491874369e+11 1506.5
1966.359091600000 4.141067527876915e+11 1507.5
1966.433818500000 4.169887917974949e+11 1508.5
1966.508545300000 4.201076225302043e+11 1509.5
1966.583272200000 4.358679024467420e+11 1510.5
1966.657999000000 4.306073404240488e+11 1511.5
1966.732725900000 4.343227711287370e+11 1512.5
1966.807452700000 4.327012205754305e+11 1513.5
1966.882179600000 4.308219047381906e+11 1514.5
1966.956906400000 4.484336110501838e+11 1515.5
1967.031633300000 4.588123995377169e+11 1516.5
1967.106360100000 4.700841747274792e+11 1517.5
1967.181087000000 4.851766865637082e+11 1518.5
1967.255813800000 4.820139425282744e+11 1519.5
1967.330540700000 4.597741561327866e+11 1520.5
1967.405267500000 4.761625027704271e+11 1521.5
1967.479994400000 4.540511892254601e+11 1522.5
1967.554721200000 4.762828605831475e+11 1523.5
1967.629448100000 4.760738977789618e+11 1524.5
1967.704174900000 4.685003312548479e+11 1525.5
1967.778901800000 4.632364655686943e+11 1526.5
1967.853628600000 4.715607053392507e+11 1527.5
1967.928355500000 4.722872531133652e+11 1528.5
1968.003073899990 5.142646592862449e+11 1529.5
1968.077596599755 5.216351880934383e+11 1530.5
1968.152119302681 4.924867221445857e+11 1531.5
1968.226641902446 4.773780685858123e+11 1532.5
1968.301164602210 4.649366228242820e+11 1533.5
1968.375687301974 4.926734473807784e+11 1534.5
1968.450210001738 4.961003372787890e+11 1535.5
1968.524732701503 4.797696699427358e+11 1536.5
1968.599255301267 4.808002625018831e+11 1537.5
1968.673778001032 4.805434980016570e+11 1538.5
1968.748300700796 4.795531292948293e+11 1539.5
1968.822823400560 4.901051598373787e+11 1540.5
1968.897346000325 4.823768259614108e+11 1541.5
1968.971868700089 4.835766059806309e+11 1542.5
1969.046518500000 4.873749948518979e+11 1543.5
1969.121245300000 4.828188244123566e+11 1544.5
1969.195972200000 4.976978698571108e+11 1545.5
1969.270699000000 5.010635900156362e+11 1546.5
1969.345425900000 4.876925302013002e+11 1547.5
1969.420152700000 5.042090185394589e+11 1548.5
1969.494879600000 4.880794384217115e+11 1549.5
1969.569606400000 4.790244746660854e+11 1550.5
1969.644333300000 4.777232389559286e+11 1551.5
1969.719060100000 4.707763788335137e+11 1552.5
1969.793787000000 4.778803834504318e+11 1553.5
1969.868513800000 4.704601341224313e+11 1554.5
1969.943240700000 4.699501531392329e+11 1555.5
1970.017967500000 4.795012478867760e+11 1556.5
1970.092694400000 4.836785097461935e+11 1557.5
1970.167421200000 5.048586597545814e+11 1558.5
1970.242148100000 5.048641187059507e+11 1559.5
1970.316874900000 4.922182915516645e+11 1560.5
1970.391601800000 5.087531679362897e+11 1561.5
1970.466328600000 5.152424167703052e+11 1562.5
1970.541055500000 4.967794482951996e+11 1563.5
1970.615782300000 4.800388572204127e+11 1564.5
1970.690509200000 4.828479733434617e+11 1565.5
1970.765236000000 4.758748812522578e+11 1566.5
1970.839962900000 4.914754472194286e+11 1567.5
1970.914689700000 4.945256500576302e+11 1568.5
1970.989416600000 4.722650815656157e+11 1569.5
1971.064143400219 4.765509330045065e+11 1570.5
1971.138870300475 4.536087103797665e+11 1571.5
1971.213597100730 4.356717454941748e+11 1572.5
1971.288324000985 4.470204320621357e+11 1573.5
1971.363050801241 4.369434705030358e+11 1574.5
1971.437777701496 4.233409432637751e+11 1575.5
1971.512504501751 4.348814646210903e+11 1576.5
1971.587231402007 4.318017541196183e+11 1577.5
1971.661958202262 4.276530260717267e+11 1578.5
1971.736685102517 4.213752320183651e+11 1579.5
1971.811411902773 4.161688023796735e+11 1580.5
1971.886138803028 4.242305642230887e+11 1581.5
1971.960865603283 4.358722431748758e+11 1582.5
1972.035495202245 4.236767559016364e+11 1583.5
1972.110017906958 4.435689590565165e+11 1584.5
1972.184540611672 4.527050618995773e+11 1585.5
1972.259063316385 4.390435107156531e+11 1586.5
1972.333585921098 4.433122464710549e+11 1587.5
1972.408108625812 4.594451706265806e+11 1588.5
1972.482631330525 4.696414344742258e+11 1589.5
1972.557154003615 4.548539918659613e+11 1590.5
1972.631676608328 4.532708980704278e+11 1591.5
1972.706199313041 4.416762102112715e+11 1592.5
1972.780722017755 4.408509997356151e+11 1593.5
1972.855244722468 4.316984765651290e+11 1594.5
1972.929767327181 4.111012797246634e+11 1595.5
1973.004301800136 4.168468734867544e+11 1596.5
1973.079028602506 4.114520374452684e+11 1597.5
1973.153755504876 4.059585164992509e+11 1598.5
1973.228482307245 4.114930310726551e+11 1599.5
1973.303209209615 4.132406010225937e+11 1600.5
1973.377936011984 4.091800032722574e+11 1601.5
1973.452662914354 4.074277526434704e+11 1602.5
1973.527389716723 4.014813669323361e+11 1603.5
1973.602116619093 3.972852811455346e+11 1604.5
1973.676843421463 4.108462514321010e+11 1605.5
1973.751570323832 4.066261948441516e+11 1606.5
1973.826297126202 3.924509079466312e+11 1607.5
1973.901024028571 3.828351090709866e+11 1608.5
1973.975750830941 3.844344279794684e+11 1609.5
1974.050477701601 3.861784900626188e+11 1610.5
1974.125204503970 3.828875795246715e+11 1611.5
1974.199931406340 3.869556474187745e+11 1612.5
1974.274658208709 3.887784154992268e+11 1613.5
1974.349385111079 4.093000847726013e+11 1614.5
1974.424111913449 4.009784084794229e+11 1615.5
1974.498838815818 3.966314299204144e+11 1616.5
1974.573565618188 3.983647905818349e+11 1617.5
1974.648292520557 3.902476778321708e+11 1618.5
1974.723019322927 3.991288168019766e+11 1619.5
1974.797746225296 3.992972693312141e+11 1620.5
1974.872473027666 3.954286117404068e+11 1621.5
1974.947199930036 3.861074751870859e+11 1622.5
1975.021926700695 3.809128503786550e+11 1623.5
1975.096653603065 3.757216751042249e+11 1624.5
1975.171380405435 3.743983866806606e+11 1625.5
1975.246107307804 3.746047005779595e+11 1626.5
1975.320834110174 3.749194471370184e+11 1627.5
1975.395561012543 3.721310723285921e+11 1628.5
1975.470287814913 3.747154194112211e+11 1629.5
1975.545014717282 3.820444923621758e+11 1630.5
1975.619741519652 3.918765504346628e+11 1631.5
1975.694468422021 3.913424076724307e+11 1632.5
1975.769195224391 3.842401861757548e+11 1633.5
1975.843922126761 3.846095567253601e+11 1634.5
1975.918648929130 3.816539656224122e+11 1635.5
1975.993375831500 3.765380285161373e+11 1636.5
1976.067916502148 3.736465233438704e+11 1637.5
1976.142439204504 3.708178653151724e+11 1638.5
1976.216961906861 3.776113864229079e+11 1639.5
1976.291484609218 3.812349064453333e+11 1640.5
1976.366007211574 3.787194791965185e+11 1641.5
1976.440529913931 3.745200804204283e+11 1642.5
1976.515052616288 3.726558487586259e+11 1643.5
1976.589575318644 3.777415761874717e+11 1644.5
1976.664098021001 3.779207284730319e+11 1645.5
1976.738620623358 3.792162237859772e+11 1646.5
1976.813143325714 3.796592294419891e+11 1647.5
1976.887666028071 3.769593471053850e+11 1648.5
1976.962188730427 3.810385461803619e+11 1649.5
1977.036811901167 3.784840033711095e+11 1650.5
1977.111538803537 3.893555236649187e+11 1651.5
1977.186265605907 3.863194848601404e+11 1652.5
1977.260992508276 3.863533546275827e+11 1653.5
1977.335719310646 3.888160791190832e+11 1654.5
1977.410446213015 3.981924626273885e+11 1655.5
1977.485173015385 4.091697302573041e+11 1656.5
1977.559899917754 4.055553806158788e+11 1657.5
1977.634626720124 4.202147903373418e+11 1658.5
1977.709353622493 4.023668469345147e+11 1659.5
1977.784080424863 3.993853989226564e+11 1660.5
1977.858807327233 4.177100840805895e+11 1661.5
1977.933534129602 4.504466995228730e+11 1662.5
1978.008261000262 4.599169723119017e+11 1663.5
1978.082987802632 4.711956416499778e+11 1664.5
1978.157714705001 4.817466846007180e+11 1665.5
1978.232441507371 4.551392837303822e+11 1666.5
1978.307168409740 4.370943876708752e+11 1667.5
1978.381895212110 4.612481941118917e+11 1668.5
1978.456622114479 4.746879141679003e+11 1669.5
1978.531348916849 4.804054105201517e+11 1670.5
1978.606075819219 4.750903996757892e+11 1671.5
1978.680802621588 4.872983003989814e+11 1672.5
1978.755529523958 4.831744910581050e+11 1673.5
1978.830256326327 4.734374346793395e+11 1674.5
1978.904983228697 4.879004232989153e+11 1675.5
1978.979710031066 5.160304264283304e+11 1676.5
1979.054436801726 5.639244795386134e+11 1677.5
1979.129163704096 5.795323836569198e+11 1678.5
1979.203890506465 5.728737354942903e+11 1679.5
1979.278617408835 5.283498953309694e+11 1680.5
1979.353344211205 5.103259342790821e+11 1681.5
1979.428071113574 5.277258256705071e+11 1682.5
1979.502797915944 5.372607830371605e+11 1683.5
1979.577524818313 5.253409353710707e+11 1684.5
1979.652251620683 5.594539191326660e+11 1685.5
1979.726978523052 5.688739405713566e+11 1686.5
1979.801705325422 5.698092576646951e+11 1687.5
1979.876432227791 5.651429436343562e+11 1688.5
1979.951159030161 5.738945613369266e+11 1689.5
1980.025815200000 5.840583233002112e+11 1690.5
1980.100337800000 5.825516594146155e+11 1691.5
1980.174860500000 5.363439479260510e+11 1692.5
1980.249383200000 5.469815958924188e+11 1693.5
1980.323905900000 5.415725750098302e+11 1694.5
1980.398428600000 5.567279052212804e+11 1695.5
1980.472951200000 5.507943579606592e+11 1696.5
1980.547473900000 5.627217081024502e+11 1697.5
1980.621996600000 5.488438677573998e+11 1698.5
1980.696519300000 5.492082119929017e+11 1699.5
1980.771041900000 5.507706503347028e+11 1700.5
1980.845564600000 5.401638183681162e+11 1701.5
1980.920087300000 5.357346081030324e+11 1702.5
1980.994610000000 5.725695417088683e+11 1703.5
1981.069322102198 5.607312744639969e+11 1704.5
1981.144048904568 5.653383160772673e+11 1705.5
1981.218775806937 5.774628388789979e+11 1706.5
1981.293502609307 5.949041984349260e+11 1707.5
1981.368229511677 5.741367613424657e+11 1708.5
1981.442956314046 5.265848600521923e+11 1709.5
1981.517683184706 5.344641166407243e+11 1710.5
1981.592409987075 5.477327920864533e+11 1711.5
1981.667136789445 6.190589079547609e+11 1712.5
1981.741863691815 5.937691320052795e+11 1713.5
1981.816590494184 5.940105552944662e+11 1714.5
1981.891317396554 5.781985083319214e+11 1715.5
1981.966044198923 5.820765786215684e+11 1716.5
1982.040771101293 5.501521468907318e+11 1717.5
1982.115497903662 5.572636995359606e+11 1718.5
1982.190224806032 5.481353894405775e+11 1719.5
1982.264951608401 5.295905702734556e+11 1720.5
1982.339678510771 5.021145845739541e+11 1721.5
1982.414405313141 5.066165252291433e+11 1722.5
1982.489132215510 4.986122357552100e+11 1723.5
1982.563858986170 5.128383535156874e+11 1724.5
1982.638585888540 5.278746752627765e+11 1725.5
1982.713312690909 5.420274789348513e+11 1726.5
1982.788039593279 5.360461552038909e+11 1727.5
1982.862766395648 5.344041444108057e+11 1728.5
1982.937493298018 5.537947335600171e+11 1729.5
1983.012220100387 5.215075154483594e+11 1730.5
1983.086947002757 4.991893219898198e+11 1731.5
1983.161673805127 4.835313431494516e+11 1732.5
1983.236400707496 4.775836698721304e+11 1733.5
1983.311127509866 5.021812308347135e+11 1734.5
1983.385854412235 4.902834452172715e+11 1735.5
1983.460581214605 5.037391967271919e+11 1736.5
1983.535308085265 4.956399196914953e+11 1737.5
1983.610034887634 4.956903513026374e+11 1738.5
1983.684761790004 4.748021030580875e+11 1739.5
1983.759488592373 4.717654743190981e+11 1740.5
1983.834215494743 4.594727730366096e+11 1741.5
1983.908942297113 4.453689620817780e+11 1742.5
1983.983669199482 4.391874223977677e+11 1743.5
1984.058236500000 4.508401997407159e+11 1744.5
1984.132759200000 4.812810708541448e+11 1745.5
1984.207281800000 4.785878776538893e+11 1746.5
1984.281804500000 4.722349608009747e+11 1747.5
1984.356327200000 4.657078430552944e+11 1748.5
1984.430849900000 4.647982314130167e+11 1749.5
1984.505372500000 4.519181703311075e+11 1750.5
1984.579895200000 4.284163169013753e+11 1751.5
1984.654417900000 4.213747891140114e+11 1752.5
1984.728940600000 4.086008844730432e+11 1753.5
1984.803463300000 4.058759428312250e+11 1754.5
1984.877985900000 3.978000559084222e+11 1755.5
1984.952508600000 3.933132481142300e+11 1756.5
1985.027105300859 3.950659850703243e+11 1757.5
1985.101832203229 3.941852096407284e+11 1758.5
1985.176559005599 3.882099569034537e+11 1759.5
1985.251285907968 3.931046490199517e+11 1760.5
1985.326012710338 3.983556370583124e+11 1761.5
1985.400739612707 3.957599940602953e+11 1762.5
1985.475466415077 3.955965302055742e+11 1763.5
1985.550193285737 3.940373013815562e+11 1764.5
1985.624920088106 3.912408910681366e+11 1765.5
1985.699646990476 3.877968534376837e+11 1766.5
1985.774373792845 3.879182380932284e+11 1767.5
1985.849100695215 3.876683668855896e+11 1768.5
1985.923827497585 3.781568263713472e+11 1769.5
1985.998554399954 3.783285916186641e+11 1770.5
1986.073281200000 3.841549645006503e+11 1771.5
1986.148008100000 3.943274081395305e+11 1772.5
1986.222734900000 3.844482634297376e+11 1773.5
1986.297461800000 3.861307246318510e+11 1774.5
1986.372188600000 3.799031574458732e+11 1775.5
1986.446915500000 3.699096155723257e+11 1776.5
1986.521642300000 3.701619485732650e+11 1777.5
1986.596369200000 3.706981343439669e+11 1778.5
1986.671096000000 3.728866615423768e+11 1779.5
1986.745822900000 3.849829297674753e+11 1780.5
1986.820549700000 3.974059301942147e+11 1781.5
1986.895276600000 3.929189757724048e+11 1782.5
1986.970003400000 3.856161611440762e+11 1783.5
1987.044730301418 3.816206835564489e+11 1784.5
1987.119457103788 3.796769188099811e+11 1785.5
1987.194184006157 3.777579571709743e+11 1786.5
1987.268910808527 3.878596644535858e+11 1787.5
1987.343637710897 3.858404096451959e+11 1788.5
1987.418364513266 3.806759120123583e+11 1789.5
1987.493091415636 3.832090890829035e+11 1790.5
1987.567818218005 3.983808763870009e+11 1791.5
1987.642545120375 4.087315042410431e+11 1792.5
1987.717271922745 4.062652429015706e+11 1793.5
1987.791998825114 4.092352576261352e+11 1794.5
1987.866725627484 4.167904767024490e+11 1795.5
1987.941452529853 4.116745475232398e+11 1796.5
1988.016135100000 4.161678386210120e+11 1797.5
1988.090657800000 4.183343710827203e+11 1798.5
1988.165180500000 4.134680155029905e+11 1799.5
1988.239703100000 4.236637939328635e+11 1800.5
1988.314225800000 4.303920598345461e+11 1801.5
1988.388748500000 4.379669734334136e+11 1802.5
1988.463271200000 4.539618143262151e+11 1803.5
1988.537793900000 4.469097022764456e+11 1804.5
1988.612316500000 4.657919586466576e+11 1805.5
1988.686839200000 4.956177193578955e+11 1806.5
1988.761361900000 5.167979500853549e+11 1807.5
1988.835884600000 5.098877185377578e+11 1808.5
1988.910407200000 5.104726064506705e+11 1809.5
1988.984929900000 5.340570490415431e+11 1810.5
1989.059615501890 5.424288709571194e+11 1811.5
1989.134342304260 5.331363317413797e+11 1812.5
1989.209069206629 5.416590324394702e+11 1813.5
1989.283796008999 5.378987407508745e+11 1814.5
1989.358522911369 5.630646688904751e+11 1815.5
1989.433249713738 5.855319423492023e+11 1816.5
1989.507976616108 5.755537015906519e+11 1817.5
1989.582703418477 5.712113539026163e+11 1818.5
1989.657430320847 5.811042699664877e+11 1819.5
1989.732157123216 5.677743406854823e+11 1820.5
1989.806884025586 5.643502075636442e+11 1821.5
1989.881610827956 5.940684041276956e+11 1822.5
1989.956337730325 5.799490493689385e+11 1823.5
1990.031064500985 5.705665936158368e+11 1824.5
1990.105791403355 5.401698178322358e+11 1825.5
1990.180518205724 5.393885404116423e+11 1826.5
1990.255245108094 5.454684540246354e+11 1827.5
1990.329971910463 5.475457312641783e+11 1828.5
1990.404698812833 5.486354829796890e+11 1829.5
1990.479425615202 5.545154673655720e+11 1830.5
1990.554152517572 5.323289662780175e+11 1831.5
1990.628879319942 5.656572922337675e+11 1832.5
1990.703606222311 5.555445462452113e+11 1833.5
1990.778333024681 5.505474077171942e+11 1834.5
1990.853059927050 5.279004530924883e+11 1835.5
1990.927786729420 5.222208208435948e+11 1836.5
1991.002513600000 5.235100404247640e+11 1837.5
1991.077240400000 5.752136369312958e+11 1838.5
1991.151967300000 5.929363303620375e+11 1839.5
1991.226694100000 6.163222538063311e+11 1840.5
1991.301421000000 5.701466767340063e+11 1841.5
1991.376147800000 5.466302998237839e+11 1842.5
1991.450874700000 5.568617037564224e+11 1843.5
1991.525601500000 5.695685894124218e+11 1844.5
1991.600328400000 5.754804593823835e+11 1845.5
1991.675055200000 5.666615954548564e+11 1846.5
1991.749782100000 5.623067523478964e+11 1847.5
1991.824508900000 5.752148877993552e+11 1848.5
1991.899235800000 5.506874492464471e+11 1849.5
1991.973962600000 5.912078002491316e+11 1850.5
1992.048556401536 6.097735891744067e+11 1851.5
1992.123079103892 6.249652484510737e+11 1852.5
1992.197601806249 5.926922688638730e+11 1853.5
1992.272124508605 5.574071213056427e+11 1854.5
1992.346647110962 5.290058882877762e+11 1855.5
1992.421169813319 4.893364731705803e+11 1856.5
1992.495692502284 4.670458160576169e+11 1857.5
1992.570215186409 4.964068203766664e+11 1858.5
1992.644737788765 4.822108992189813e+11 1859.5
1992.719260491122 4.847174008944551e+11 1860.5
1992.793783193479 4.740537294063610e+11 1861.5
1992.868305895835 4.882581865239357e+11 1862.5
1992.942828598192 4.937180262026532e+11 1863.5
1993.017398800552 4.800131107161329e+11 1864.5
1993.092125602921 4.721275940196401e+11 1865.5
1993.166852505291 4.783067692121750e+11 1866.5
1993.241579307660 4.700146793220104e+11 1867.5
1993.316306210030 4.548112999578255e+11 1868.5
1993.391033012400 4.539168129528420e+11 1869.5
1993.465759914769 4.476150476117701e+11 1870.5
1993.540486685429 4.372381069013621e+11 1871.5
1993.615213587799 4.328873646273959e+11 1872.5
1993.689940390168 4.149817464908676e+11 1873.5
1993.764667292538 4.159892305922021e+11 1874.5
1993.839394094907 4.143848746274280e+11 1875.5
1993.914120997277 4.234157633003672e+11 1876.5
1993.988847799646 4.311523413170759e+11 1877.5
1994.063574702016 4.222212303469389e+11 1878.5
1994.138301504385 4.256430286085701e+11 1879.5
1994.213028406755 4.178622827224990e+11 1880.5
1994.287755209125 4.011896379929380e+11 1881.5
1994.362482111494 4.018291887537985e+11 1882.5
1994.437208913864 3.922949385650645e+11 1883.5
1994.511935784524 3.973529889913651e+11 1884.5
1994.586662586893 3.910329752632887e+11 1885.5
1994.661389489263 3.896418672187575e+11 1886.5
1994.736116291632 3.839278908475109e+11 1887.5
1994.810843194002 4.004449128787346e+11 1888.5
1994.885569996371 3.941593233861811e+11 1889.5
1994.960296798741 3.992961763002173e+11 1890.5
1995.035023701111 3.940961349992211e+11 1891.5
1995.109750503480 4.017975077240494e+11 1892.5
1995.184477405850 3.982771496877899e+11 1893.5
1995.259204208219 3.938899495709095e+11 1894.5
1995.333931110589 3.905718522870167e+11 1895.5
1995.408657912958 3.875273473062045e+11 1896.5
1995.483384815328 3.865336206531074e+11 1897.5
1995.558111617698 3.884690944856130e+11 1898.5
1995.632838520067 3.879433904174605e+11 1899.5
1995.707565322437 3.847666697293393e+11 1900.5
1995.782292224806 3.903314515812120e+11 1901.5
1995.857019027176 3.875566890523198e+11 1902.5
1995.931745929545 3.846496553143667e+11 1903.5
1996.006455100000 3.861582525812045e+11 1904.5
1996.080977700000 3.833154450683090e+11 1905.5
1996.155500400000 3.772610505748748e+11 1906.5
1996.230023100000 3.776075209518213e+11 1907.5
1996.304545800000 3.791302929404843e+11 1908.5
1996.379068400000 3.840720832763048e+11 1909.5
1996.453591100000 3.764770968650736e+11 1910.5
1996.528113800000 3.777948570186954e+11 1911.5
1996.602636500000 3.769870935549251e+11 1912.5
1996.677159200000 3.779034006613307e+11 1913.5
1996.751681800000 3.727484313240040e+11 1914.5
1996.826204500000 3.708632528571412e+11 1915.5
1996.900727200000 3.839496123797332e+11 1916.5
1996.975249900000 3.859663336131277e+11 1917.5
1997.049908901583 3.811061694727252e+11 1918.5
1997.124635803952 3.827177173313788e+11 1919.5
1997.199362606322 3.813725626670125e+11 1920.5
1997.274089508691 3.834943649401357e+11 1921.5
1997.348816311061 3.829965774736281e+11 1922.5
1997.423543213431 3.871142624106570e+11 1923.5
1997.498269984090 3.841864981221570e+11 1924.5
1997.572996786460 3.832320105644060e+11 1925.5
1997.647723688829 3.963522533054303e+11 1926.5
1997.722450491199 4.073373969946693e+11 1927.5
1997.797177393569 4.014908407809186e+11 1928.5
1997.871904195938 4.191589189285970e+11 1929.5
1997.946631098308 4.169549097289831e+11 1930.5
1998.021357900677 4.164855403928757e+11 1931.5
1998.096084803047 4.257329014582954e+11 1932.5
1998.170811605416 4.189194243265773e+11 1933.5
1998.245538507786 4.401062383985779e+11 1934.5
1998.320265310156 4.351316680074215e+11 1935.5
1998.394992212525 4.370190836081489e+11 1936.5
1998.469719014895 4.485373442373067e+11 1937.5
1998.544445917264 4.637717218208913e+11 1938.5
1998.619172719634 4.788580631421761e+11 1939.5
1998.693899622003 4.833071977173003e+11 1940.5
1998.768626424373 4.785059896645002e+11 1941.5
1998.843353326743 4.815849021134587e+11 1942.5
1998.918080129112 4.933444956605812e+11 1943.5
1998.992807031482 4.879270383627766e+11 1944.5
1999.067533800000 5.017219891304674e+11 1945.5
1999.142260700000 4.956587658864017e+11 1946.5
1999.216987500000 4.872934871795189e+11 1947.5
1999.291714400000 4.740983385849056e+11 1948.5
1999.366441200000 4.984094825978419e+11 1949.5
1999.441168100000 5.137598319478934e+11 1950.5
1999.515894900000 5.295415006541306e+11 1951.5
1999.590621800000 5.192577823410753e+11 1952.5
1999.665348600000 5.220546270258110e+11 1953.5
1999.740075500000 5.075789313046730e+11 1954.5
1999.814802300000 5.183716228473728e+11 1955.5
1999.889529200000 5.475734981564467e+11 1956.5
1999.964256000000 5.266255297837799e+11 1957.5
2000.038876400000 5.345068457074405e+11 1958.5
2000.113399000000 5.334261963489655e+11 1959.5
2000.187921700000 5.550017728671060e+11 1960.5
2000.262444400000 5.692659597157100e+11 1961.5
2000.336967100000 5.455270998979200e+11 1962.5
2000.411489800000 5.381207809017612e+11 1963.5
2000.486012400000 5.493974726459202e+11 1964.5
2000.560535100000 5.855366322893080e+11 1965.5
2000.635057800000 5.535960089815028e+11 1966.5
2000.709580500000 5.401906371715919e+11 1967.5
2000.784103100000 5.550324212080615e+11 1968.5
2000.858625800000 5.569855671519637e+11 1969.5
2000.933148500000 5.625027741182369e+11 1970.5
2001.007692200000 5.474593399629606e+11 1971.5
2001.082419000000 5.189848044948350e+11 1972.5
2001.157145900000 4.974715546943884e+11 1973.5
2001.231872700000 5.364020393326860e+11 1974.5
2001.306599600000 5.148524337920593e+11 1975.5
2001.381326400000 5.013861706984767e+11 1976.5
2001.456053300000 5.328991257013466e+11 1977.5
2001.530780100000 5.067286168480095e+11 1978.5
2001.605507000000 5.006381710132635e+11 1979.5
2001.680233800000 5.451555527592218e+11 1980.5
2001.754960700000 5.703874617285006e+11 1981.5
2001.829687500000 5.804636115436932e+11 1982.5
2001.904414400000 5.683082874903964e+11 1983.5
2001.979141200000 5.959625412409917e+11 1984.5
2002.053868100000 6.087903503606691e+11 1985.5
2002.128594900000 5.838537253152842e+11 1986.5
2002.203321800000 5.556769032802662e+11 1987.5
2002.278048600000 5.568871874542103e+11 1988.5
2002.352775500000 5.470416955359496e+11 1989.5
2002.427502300000 5.333930715878692e+11 1990.5
2002.502229200000 5.092501888136456e+11 1991.5
2002.576956000000 5.236537166369587e+11 1992.5
2002.651682900000 5.540350961034048e+11 1993.5
2002.726409700000 5.344282216739630e+11 1994.5
2002.801136600000 5.312134040356097e+11 1995.5
2002.875863400000 5.204846106852703e+11 1996.5
2002.950590300000 5.277866240817208e+11 1997.5
2003.025317100000 5.100417699127261e+11 1998.5
2003.100044000000 4.858666629572902e+11 1999.5
2003.174770800000 4.749611071371509e+11 2000.5
2003.249497700000 4.582237824951674e+11 2001.5
2003.324224500000 4.603736680846212e+11 2002.5
2003.398951400000 4.776514192682349e+11 2003.5
2003.473678200000 4.881595610848116e+11 2004.5
2003.548405100000 4.883594556553873e+11 2005.5
2003.623131900000 4.830429236583099e+11 2006.5
2003.697858800000 4.721487995374503e+11 2007.5
2003.772585600000 4.802056903229614e+11 2008.5
2003.847312500000 4.846729848492181e+11 2009.5
2003.922039300000 4.780707596831623e+11 2010.5
2003.996766200000 4.670255824240092e+11 2011.5
2004.071297700000 4.602226126970793e+11 2012.5
2004.145820400000 4.527881925676774e+11 2013.5
2004.220343000000 4.577924977810619e+11 2014.5
2004.294865700000 4.520638799463054e+11 2015.5
2004.369388400000 4.459155573369640e+11 2016.5
2004.443911100000 4.393463714943739e+11 2017.5
2004.518433700000 4.429384170925334e+11 2018.5
2004.592956400000 4.413620060922142e+11 2019.5
2004.667479100000 4.432158554071824e+11 2020.5
2004.742001800000 4.326617491323556e+11 2021.5
2004.816524500000 4.486557211710513e+11 2022.5
2004.891047100000 4.469207566241308e+11 2023.5
2004.965569800000 4.357602493894609e+11 2024.5
2005.040202301275 4.355570247108785e+11 2025.5
2005.114929203644 4.300329978463615e+11 2026.5
2005.189656006014 4.204779599482631e+11 2027.5
2005.264382908384 4.162522219880740e+11 2028.5
2005.339109710753 4.268019199062397e+11 2029.5
2005.413836613123 4.259492659280083e+11 2030.5
2005.488563415492 4.265976061034967e+11 2031.5
2005.563290317862 4.207582974487549e+11 2032.5
2005.638017120232 4.149140953968328e+11 2033.5
2005.712744022601 4.125039937002836e+11 2034.5
2005.787470824971 4.020288149721675e+11 2035.5
2005.862197727340 4.003660333427117e+11 2036.5
2005.936924529710 4.078848883069763e+11 2037.5
2006.011651400000 4.077600764385808e+11 2038.5
2006.086378200000 3.993341003816331e+11 2039.5
2006.161105100000 3.934698189798121e+11 2040.5
2006.235831900000 3.958937110522281e+11 2041.5
2006.310558800000 4.086962654044551e+11 2042.5
2006.385285600000 4.039169456961837e+11 2043.5
2006.460012500000 3.966349313896036e+11 2044.5
2006.534739300000 3.999569699324420e+11 2045.5
2006.609466200000 3.979950633281072e+11 2046.5
2006.684193000000 4.010374855587140e+11 2047.5
2006.758919900000 3.965522123525276e+11 2048.5
2006.833646700000 3.965041876252594e+11 2049.5
2006.908373600000 4.016105830312027e+11 2050.5
2006.983100400000 3.955037242083802e+11 2051.5
2007.057827300000 3.937943168361570e+11 2052.5
2007.132554100000 3.903575093795430e+11 2053.5
2007.207281000000 3.840965570372597e+11 2054.5
2007.282007800000 3.824508472848557e+11 2055.5
2007.356734700000 3.863495712782515e+11 2056.5
2007.431461500000 3.895912938666057e+11 2057.5
2007.506188400000 3.852324758684803e+11 2058.5
2007.580915200000 3.807955261780414e+11 2059.5
2007.655642100000 3.788843050827197e+11 2060.5
2007.730368900000 3.753376904439946e+11 2061.5
2007.805095800000 3.750042166164741e+11 2062.5
2007.879822600000 3.722987647184058e+11 2063.5
2007.954549500000 3.777334684754747e+11 2064.5
2008.029196300923 3.785198959625181e+11 2065.5
2008.103719003280 3.745527880601693e+11 2066.5
2008.178241705637 3.725421885774383e+11 2067.5
2008.252764307993 3.783756820625731e+11 2068.5
2008.327287010350 3.773381776831072e+11 2069.5
2008.401809712707 3.748081490047778e+11 2070.5
2008.476332415063 3.719252164868347e+11 2071.5
2008.550855117420 3.701445905248085e+11 2072.5
2008.625377719776 3.703920988093917e+11 2073.5
2008.699900422133 3.701443506051192e+11 2074.5
2008.774423124490 3.729513634899225e+11 2075.5
2008.848945826846 3.736101783821478e+11 2076.5
2008.923468429203 3.704062318641232e+11 2077.5
2008.997991123187 3.715682999959507e+11 2078.5
2009.072712500000 3.717109907139192e+11 2079.5
2009.147439300000 3.702087153120687e+11 2080.5
2009.222166200000 3.720877849650612e+11 2081.5
2009.296893000000 3.704792415128502e+11 2082.5
2009.371619900000 3.770900026638398e+11 2083.5
2009.446346700000 3.761031090149061e+11 2084.5
2009.521073600000 3.742199396741623e+11 2085.5
2009.595800400000 3.733559073244720e+11 2086.5
2009.670527300000 3.731598620176691e+11 2087.5
2009.745254100000 3.752534780529463e+11 2088.5
2009.819981000000 3.781687045293081e+11 2089.5
2009.894707800000 3.819877385551933e+11 2090.5
2009.969434700000 3.848771363665805e+11 2091.5
