# lines in header: 30
#
# filename:  swEqtrElectrons5.2024b.dat
# OMNI SW electron density based on SW proton density and alpha-to-proton abundance Ne=(Np(1+2NA/Np)) interpolated to CRs halves
# author : M. Kubiak, based on J. Sokol / (1) Space Research Centre PAS (CBK PAN), Warsaw, Poland, mkubiak@cbk.waw.pl 
# contact: mkubiak@cbk.waw.pl
# software version v1.10
# dataFile date:  DATE: 11/05/24
# last CR: 2287.5
# flag: 
# source file: omni2Alpha_2024_11_05.dat and omni2Dens_2024_11_05.dat
# 
# 
# 
# 
# 
# 
# 
# 
# 
# 
# 
# 
# 
# 
# 
# 
# 
#	decimalYear	SWparameter	JD	CarringtonR
########################################
1971.2883239726025 7.685385642835628 2.4410577382499995e6 1573.5
1971.3630508219178 6.914059149551722 2.44108501355e6 1574.5
1971.4377776712327 9.139129588591395 2.44111228885e6 1575.5
1971.512504520548 6.914136846293348 2.44113956415e6 1576.5
1971.5872313698628 13.493884510586286 2.44116683945e6 1577.5
1971.661958219178 12.198506459425905 2.4411941147499997e6 1578.5
1971.7366850684928 10.903128408265527 2.4412213900499996e6 1579.5
1971.8114119178078 9.607750357105147 2.44124866535e6 1580.5
1971.886138767123 8.312372305944766 2.44127594065e6 1581.5
1971.960865616438 7.016994254784385 2.4413032159499996e6 1582.5
1972.0354939291005 6.908508178756378 2.44133049125e6 1583.5
1972.1100178960326 6.892977025016874 2.4413577665500003e6 1584.5
1972.1845405737706 7.301451538245928 2.4413850418499997e6 1585.5
1972.2590632513657 8.482039987379444 2.4414123171500005e6 1586.5
1972.3335859289607 9.814352014579839 2.44143959245e6 1587.5
1972.4081086065578 7.672424666211406 2.4414668677499997e6 1588.5
1972.4826312841533 8.893316857518693 2.44149414305e6 1589.5
1972.557153961748 10.193616208666711 2.44152141835e6 1590.5
1972.6316766393443 10.472656520504417 2.44154869365e6 1591.5
1972.7061993169405 10.751696832342123 2.44157596895e6 1592.5
1972.7807219945366 11.03073714417983 2.44160324425e6 1593.5
1972.8552446721317 9.250736800017028 2.4416305195499994e6 1594.5
1972.9297689317034 12.053633292946433 2.44165779485e6 1595.5
1973.0043243354867 7.661552491141792 2.4416850701499996e6 1596.5
1973.079028764668 7.865958175391045 2.44171234545e6 1597.5
1973.153755479452 7.663707997091409 2.44173962075e6 1598.5
1973.2284823287675 7.966577080269123 2.44176689605e6 1599.5
1973.3032091780824 6.577867262046804 2.4417941713500004e6 1600.5
1973.3779360273977 7.114729451805003 2.4418214466500003e6 1601.5
1973.452662876712 7.634222998297923 2.44184872195e6 1602.5
1973.5273897260272 8.526620966875186 2.44187599725e6 1603.5
1973.6021165753423 9.29282774361913 2.4419032725500003e6 1604.5
1973.6768434246576 8.70649550603506 2.4419305478499997e6 1605.5
1973.7515702739718 8.992835932309903 2.44195782315e6 1606.5
1973.8262971232875 7.985099769843976 2.4419850984500004e6 1607.5
1973.901023972602 9.487253552047093 2.44201237375e6 1608.5
1973.975750821917 8.201351615060045 2.4420396490499997e6 1609.5
1974.0504776712328 5.5562185533661825 2.4420669243499995e6 1610.5
1974.1252045205486 6.127859994362246 2.44209419965e6 1611.5
1974.1999313698627 5.8835421522415 2.4421214749499997e6 1612.5
1974.2746582191778 6.659438151772909 2.4421487502500005e6 1613.5
1974.3493850684933 5.958328835208341 2.442176025549999e6 1614.5
1974.4241119178073 6.149257466384745 2.4422033008500007e6 1615.5
1974.498838767123 6.904161544423279 2.4422305761500006e6 1616.5
1974.5735656164381 6.983904907956271 2.4422578514500004e6 1617.5
1974.6482924657523 7.683619338628093 2.44228512675e6 1618.5
1974.7230193150679 8.907292707488903 2.4423124020499997e6 1619.5
1974.7977461643836 7.525657143132449 2.4423396773500005e6 1620.5
1974.8724730136978 6.495061515774519 2.4423669526500003e6 1621.5
1974.9471998630127 7.235151508590883 2.44239422795e6 1622.5
1975.0219267123286 6.384493421891393 2.4424215032499996e6 1623.5
1975.096653561644 7.784445197089977 2.442448778550001e6 1624.5
1975.1713804109584 6.583260407240733 2.44247605385e6 1625.5
1975.2461072602737 7.989347973839246 2.44250332915e6 1626.5
1975.3208341095883 7.557719497767086 2.4425306044499995e6 1627.5
1975.3955609589038 7.781661956241021 2.44255787975e6 1628.5
1975.4702878082187 7.988268635757744 2.4425851550499997e6 1629.5
1975.5450146575347 7.210671820523896 2.44261243035e6 1630.5
1975.6197415068486 6.923068410946292 2.4426397056499994e6 1631.5
1975.6944683561644 8.63695849506491 2.44266698095e6 1632.5
1975.7691952054793 10.020102084269674 2.44269425625e6 1633.5
1975.8439220547937 8.952102482978527 2.44272153155e6 1634.5
1975.91864890411 7.120474062737158 2.44274880685e6 1635.5
1975.993348075728 8.12975221166679 2.4427760821499997e6 1636.5
1976.0679158703126 7.721364992232294 2.4428033574499995e6 1637.5
1976.14243920765 7.677020309830588 2.44283063275e6 1638.5
1976.216961885246 6.88954198256774 2.4428579080499997e6 1639.5
1976.291484562841 8.117587282483345 2.4428851833499996e6 1640.5
1976.366007240437 8.838719878746128 2.4429124586500004e6 1641.5
1976.4405299180316 8.027990743424281 2.44293973395e6 1642.5
1976.5150525956283 8.399879009420793 2.442967009249999e6 1643.5
1976.589575273225 9.347690914712203 2.44299428455e6 1644.5
1976.6640979508197 9.113511018391117 2.44302155985e6 1645.5
1976.7386206284148 9.659250890182415 2.44304883515e6 1646.5
1976.81314330601 10.578888114710308 2.4430761104499996e6 1647.5
1976.887665983607 9.126125133651653 2.443103385749999e6 1648.5
1976.9621886612015 9.543724200937278 2.4431306610499998e6 1649.5
1977.0368119244981 9.87583331142752 2.443157936349999e6 1650.5
1977.111538767123 9.506366873955974 2.4431852116499995e6 1651.5
1977.186265616438 9.384633882181113 2.44321248695e6 1652.5
1977.2609924657534 9.436495105581512 2.44323976225e6 1653.5
1977.335719315068 9.44964419213123 2.4432670375499995e6 1654.5
1977.410446164383 8.567598465764553 2.4432943128500003e6 1655.5
1977.4851730136982 8.42820039984127 2.4433215881499993e6 1656.5
1977.5598998630132 8.904453441442632 2.4433488634500005e6 1657.5
1977.6346267123286 9.36262386230608 2.4433761387500004e6 1658.5
1977.7093535616436 9.298452346773335 2.4434034140500003e6 1659.5
1977.7840804109583 11.498357904811018 2.4434306893499997e6 1660.5
1977.8588072602734 8.995539954255632 2.44345796465e6 1661.5
1977.9335341095887 11.225667115045358 2.44348523995e6 1662.5
1978.008260958904 10.273961499808273 2.44351251525e6 1663.5
1978.0829878082193 12.327973252262105 2.44353979055e6 1664.5
1978.1577146575341 8.55363354441396 2.44356706585e6 1665.5
1978.2324415068492 7.557818840536076 2.44359434115e6 1666.5
1978.3071683561634 6.406682658722284 2.443621616449999e6 1667.5
1978.3818952054787 9.855529636736268 2.4436488917499995e6 1668.5
1978.4566220547947 6.94344209128072 2.44367616705e6 1669.5
1978.5313489041096 7.440074247762009 2.443703442349999e6 1670.5
1978.6060757534242 8.684481258145988 2.4437307176499995e6 1671.5
1978.6808026027393 11.678380315157455 2.4437579929500003e6 1672.5
1978.7555294520544 14.062986298599991 2.4437852682499997e6 1673.5
1978.8302563013694 9.102718771764934 2.4438125435499996e6 1674.5
1978.9049831506845 4.1424512449298785 2.44383981885e6 1675.5
1978.9797099999994 3.4718337803063815 2.4438670941500003e6 1676.5
1979.0544368493147 5.879398669248465 2.4438943694499996e6 1677.5
1979.1291636986298 7.667501192582507 2.44392164475e6 1678.5
1979.2038905479449 4.8298431813691245 2.4439489200500003e6 1679.5
1979.27861739726 7.245346332568767 2.44397619535e6 1680.5
1979.353344246575 5.429183454997977 2.44400347065e6 1681.5
1979.4280710958903 5.030960821131922 2.44403074595e6 1682.5
1979.5027979452054 13.339673349047889 2.4440580212499998e6 1683.5
1979.5775247945203 13.488923150829482 2.44408529655e6 1684.5
1979.6522516438351 13.508156828091145 2.44411257185e6 1685.5
1979.7269784931505 12.895923507950947 2.44413984715e6 1686.5
1979.801675433428 8.260869839345954 2.4441671224499997e6 1687.5
1979.8763330899894 7.38196836834192 2.4441943977499995e6 1688.5
1979.9509907465508 6.503066897337887 2.44422167305e6 1689.5
1980.0256484031122 5.624165426333854 2.4442489483499997e6 1690.5
1980.1003060596734 4.745263955329821 2.44427622365e6 1691.5
1980.1748605191258 9.012172758470193 2.44430349895e6 1692.5
1980.2493831967217 7.295588209816856 2.4443307742499993e6 1693.5
1980.3239058743159 10.711368261038618 2.4443580495499996e6 1694.5
1980.3984285519127 11.556410439529108 2.4443853248499995e6 1695.5
1980.4729512295078 5.080194403489266 2.444412600150001e6 1696.5
1980.5474739071035 7.951627246598768 2.4444398754500006e6 1697.5
1980.6219965846994 12.132084147726651 2.4444671507500005e6 1698.5
1980.696519262295 11.40000925304821 2.4444944260499994e6 1699.5
1980.7710419398904 7.858145123916957 2.4445217013499998e6 1700.5
1980.8455646174857 5.382610774051454 2.4445489766500005e6 1701.5
1980.9200893868092 7.6078642399820495 2.4445762519499995e6 1702.5
1980.9946350502007 8.665829720387823 2.44460352725e6 1703.5
1981.0693220547942 6.975869398483014 2.4446308025499997e6 1704.5
1981.1440489041088 7.111087073649848 2.4446580778499995e6 1705.5
1981.218775753425 5.5136848439677175 2.444685353149999e6 1706.5
1981.29350260274 5.68099910593615 2.4447126284499997e6 1707.5
1981.368229452054 7.75914383078513 2.444739903749999e6 1708.5
1981.4429563013696 7.777474946501083 2.4447671790499995e6 1709.5
1981.5176831506847 7.976354105958073 2.4447944543499993e6 1710.5
1981.5924099999993 7.409484819543595 2.44482172965e6 1711.5
1981.6671368493146 9.134973681390965 2.4448490049499995e6 1712.5
1981.7418636986306 8.2360309248854 2.44487628025e6 1713.5
1981.8165905479455 8.076657595715771 2.44490355555e6 1714.5
1981.8913173972603 5.70164266870332 2.4449308308500005e6 1715.5
1981.966044246575 9.741995679824369 2.44495810615e6 1716.5
1982.0407710958902 8.67752545369917 2.44498538145e6 1717.5
1982.1154979452049 12.433202799646695 2.4450126567500005e6 1718.5
1982.1902247945197 9.871549075399075 2.4450399320499995e6 1719.5
1982.264951643836 10.969187196595236 2.4450672073500003e6 1720.5
1982.3396784931501 5.494744653221661 2.44509448265e6 1721.5
1982.414405342466 6.457552014832924 2.44512175795e6 1722.5
1982.489132191781 7.474746921962754 2.44514903325e6 1723.5
1982.563859041096 8.126292185015924 2.44517630855e6 1724.5
1982.638585890411 10.011504038277195 2.4452035838499996e6 1725.5
1982.713312739726 9.913391871985919 2.4452308591499995e6 1726.5
1982.788039589041 9.678072197085012 2.44525813445e6 1727.5
1982.8627664383564 9.442752522184103 2.4452854097499996e6 1728.5
1982.9374932876715 9.207432847283194 2.44531268505e6 1729.5
1983.0122201369866 8.972113172382285 2.44533996035e6 1730.5
1983.0869469863017 8.736793497481376 2.4453672356499997e6 1731.5
1983.1616738356167 8.501473822580467 2.44539451095e6 1732.5
1983.2364006849314 6.628857553686359 2.44542178625e6 1733.5
1983.3111275342462 10.579613155329692 2.4454490615499998e6 1734.5
1983.3858543835615 9.129513628088565 2.445476336849999e6 1735.5
1983.4605812328762 8.375327202683502 2.4455036121499995e6 1736.5
1983.535308082191 10.13709438509669 2.44553088745e6 1737.5
1983.6100349315059 7.638360508200618 2.4455581627499997e6 1738.5
1983.6847617808216 8.370359640220407 2.44558543805e6 1739.5
1983.759488630137 9.652785081692201 2.4456127133499994e6 1740.5
1983.8342154794518 9.551135419580506 2.4456399886499993e6 1741.5
1983.9089423287676 10.291788098335074 2.44566726395e6 1742.5
1983.9836628200128 8.237591717394434 2.44569453925e6 1743.5
1984.0582364754093 10.782999492230493 2.44572181455e6 1744.5
1984.1327591530053 8.002045131950311 2.44574908985e6 1745.5
1984.207281830601 6.671735545922578 2.44577636515e6 1746.5
1984.2818045081965 4.7086393255040555 2.44580364045e6 1747.5
1984.3563271857918 10.228389858092697 2.44583091575e6 1748.5
1984.430849863388 8.37167408523093 2.44585819105e6 1749.5
1984.5053725409837 7.9576037294788975 2.44588546635e6 1750.5
1984.5798952185792 6.073161729518398 2.4459127416499997e6 1751.5
1984.6544178961747 7.435698891413374 2.4459400169499996e6 1752.5
1984.72894057377 10.30663162108697 2.4459672922499995e6 1753.5
1984.803463251366 11.145558928513065 2.44599456755e6 1754.5
1984.877985928961 10.463482072111072 2.4460218428499997e6 1755.5
1984.9525143823466 8.771375211505152 2.44604911815e6 1756.5
1985.0271204992227 8.657701439849554 2.44607639345e6 1757.5
1985.1018321917795 7.456140044098482 2.4461036687499997e6 1758.5
1985.1765590410962 9.476277639487911 2.4461309440499996e6 1759.5
1985.2512858904106 11.934922635410127 2.44615821935e6 1760.5
1985.326012739726 10.899742860922943 2.4461854946500002e6 1761.5
1985.4007395890412 11.692428061238882 2.4462127699499996e6 1762.5
1985.475466438355 7.757175574758234 2.446240045250001e6 1763.5
1985.5501932876712 7.334563306612162 2.4462673205500003e6 1764.5
1985.6249201369862 6.995092067948511 2.44629459585e6 1765.5
1985.6996469863016 9.114578910079487 2.4463218711499996e6 1766.5
1985.7743738356166 8.374754961915324 2.44634914645e6 1767.5
1985.8491006849308 9.74887275030748 2.4463764217499997e6 1768.5
1985.9238275342466 11.264864253948065 2.44640369705e6 1769.5
1985.9985543835612 8.034123657352755 2.44643097235e6 1770.5
1986.0732812328763 7.7092213187266 2.44645824765e6 1771.5
1986.1480080821918 6.129999958628051 2.44648552295e6 1772.5
1986.2227349315058 7.86179685961762 2.4465127982499995e6 1773.5
1986.297461780822 9.021698558370664 2.44654007355e6 1774.5
1986.3721886301362 11.232956598111143 2.44656734885e6 1775.5
1986.4469154794517 11.869691193593674 2.446594624149999e6 1776.5
1986.5216423287673 11.315389162645767 2.44662189945e6 1777.5
1986.5963691780817 8.37817628900692 2.44664917475e6 1778.5
1986.6710960273972 8.853798533208199 2.4466764500500006e6 1779.5
1986.7458228767116 6.6024948312923675 2.4467037253499995e6 1780.5
1986.8205497260267 8.414519138546503 2.44673100065e6 1781.5
1986.8952765753422 11.668858711038103 2.44675827595e6 1782.5
1986.970003424657 11.691544427098112 2.44678555125e6 1783.5
1987.0447302739724 10.987864112644996 2.44681282655e6 1784.5
1987.1194571232875 7.4454509411374 2.4468401018499997e6 1785.5
1987.1941839726026 6.749839765243251 2.4468673771500005e6 1786.5
1987.2689108219179 9.489238113514443 2.4468946524500004e6 1787.5
1987.3436376712327 12.43000296569465 2.4469219277499993e6 1788.5
1987.4183645205485 12.336666591732794 2.4469492030499997e6 1789.5
1987.4930913698631 11.706221829495075 2.44697647835e6 1790.5
1987.5678182191773 10.719538491936612 2.44700375365e6 1791.5
1987.6425450684928 6.35449322900073 2.44703102895e6 1792.5
1987.7172719178077 10.455926787057347 2.4470583042500005e6 1793.5
1987.7919987671232 9.31566691264927 2.44708557955e6 1794.5
1987.866725616438 8.870660255468255 2.44711285485e6 1795.5
1987.941452465753 7.402155105726899 2.44714013015e6 1796.5
1988.0161329707926 12.708075549686354 2.4471674054500004e6 1797.5
1988.0906577787734 13.273153230440677 2.44719468075e6 1798.5
1988.1651804644807 9.449277539428099 2.44722195605e6 1799.5
1988.2397031420767 8.524877315391022 2.4472492313500005e6 1800.5
1988.314225819673 11.808978342370759 2.44727650665e6 1801.5
1988.388748497266 8.660968596623452 2.44730378195e6 1802.5
1988.463271174863 8.581873207598182 2.44733105725e6 1803.5
1988.537793852459 7.98978201100531 2.4473583325500004e6 1804.5
1988.6123165300542 6.0259884803983725 2.44738560785e6 1805.5
1988.686839207649 6.848054180004199 2.4474128831499997e6 1806.5
1988.7613618852467 8.1595265133429 2.4474401584500005e6 1807.5
1988.835884562841 6.927320810470127 2.4474674337500003e6 1808.5
1988.910407240437 8.248368061880752 2.4474947090499997e6 1809.5
1988.9849506857024 6.225625880653494 2.4475219843499996e6 1810.5
1989.0596187703752 4.943673969584215 2.44754925965e6 1811.5
1989.134342328767 4.797178827896212 2.44757653495e6 1812.5
1989.2090691780813 8.7826528798622 2.4476038102499996e6 1813.5
1989.283796027397 10.6590187215028 2.44763108555e6 1814.5
1989.3585228767122 9.818689533223731 2.4476583608500003e6 1815.5
1989.4332497260264 6.542340468808126 2.4476856361499997e6 1816.5
1989.507976575342 8.095943110834913 2.44771291145e6 1817.5
1989.582703424657 9.520759845239782 2.44774018675e6 1818.5
1989.6574302739725 7.688899930847813 2.44776746205e6 1819.5
1989.7321571232876 10.520665852598198 2.4477947373499996e6 1820.5
1989.8068839726022 8.362315960412765 2.4478220126500004e6 1821.5
1989.8816108219178 10.253961056624409 2.4478492879500003e6 1822.5
1989.9563376712324 8.370760547056088 2.4478765632499997e6 1823.5
1990.0310645205477 8.739331447818136 2.4479038385499995e6 1824.5
1990.1057913698623 7.15877194150649 2.447931113849999e6 1825.5
1990.180518219178 10.551290501707076 2.4479583891499997e6 1826.5
1990.2552450684932 8.771220194607853 2.4479856644499996e6 1827.5
1990.3299719178085 10.022653287502889 2.44801293975e6 1828.5
1990.4046987671234 7.821605758453606 2.44804021505e6 1829.5
1990.479425616438 7.074240302730036 2.44806749035e6 1830.5
1990.5541524657533 5.753073218708887 2.4480947656499995e6 1831.5
1990.6288793150673 6.104783979545533 2.44812204095e6 1832.5
1990.7036061643826 6.8619699735244595 2.4481493162499997e6 1833.5
1990.7783330136983 8.214662113296773 2.4481765915499995e6 1834.5
1990.853059863013 7.4343037624200905 2.4482038668500003e6 1835.5
1990.9277867123283 7.284193300381187 2.4482311421499997e6 1836.5
1991.0025135616438 7.809272360873371 2.44825841745e6 1837.5
1991.077240410959 10.03613317469853 2.44828569275e6 1838.5
1991.1519672602738 9.957057723479885 2.4483129680500003e6 1839.5
1991.2266941095888 8.152058844654029 2.4483402433500006e6 1840.5
1991.3014209589041 9.071694768857382 2.4483675186500004e6 1841.5
1991.3761478082195 10.422667196432121 2.44839479395e6 1842.5
1991.4508746575334 7.914042307585168 2.4484220692499997e6 1843.5
1991.5256015068492 7.505300216081116 2.4484493445499996e6 1844.5
1991.6003283561643 6.155686133060503 2.4484766198499994e6 1845.5
1991.6750552054796 11.79553509021917 2.44850389515e6 1846.5
1991.7497820547933 14.24603538151009 2.4485311704499996e6 1847.5
1991.8245089041095 15.090473245228347 2.44855844575e6 1848.5
1991.8992357228867 11.601245539488085 2.4485857210500003e6 1849.5
1991.9739566808455 11.87245644523437 2.44861299635e6 1850.5
1992.0485564207647 11.746135394550443 2.44864027165e6 1851.5
1992.1230790983604 10.497698094677958 2.44866754695e6 1852.5
1992.1976017759569 8.850624807878354 2.44869482225e6 1853.5
1992.2721244535503 10.58575239279325 2.44872209755e6 1854.5
1992.3466471311472 11.639810068239349 2.44874937285e6 1855.5
1992.421169808743 10.35885532757216 2.4487766481499993e6 1856.5
1992.4956924863386 13.755843985939913 2.44880392345e6 1857.5
1992.5702151639343 13.411316180732404 2.44883119875e6 1858.5
1992.644737841529 10.547561668541007 2.44885847405e6 1859.5
1992.7192605191253 8.076071491566447 2.4488857493499997e6 1860.5
1992.7937831967208 6.78208003075247 2.4489130246500005e6 1861.5
1992.8683058743168 9.432937567457445 2.4489402999500004e6 1862.5
1992.9428285519125 7.4068329193173295 2.4489675752499998e6 1863.5
1993.0174188390622 7.516857426324605 2.4489948505499996e6 1864.5
1993.0921256164372 8.235756583392567 2.4490221258499995e6 1865.5
1993.1668524657537 12.605181384865805 2.44904940115e6 1866.5
1993.2415793150683 9.179837794406858 2.4490766764499997e6 1867.5
1993.3163061643827 9.7690402193839 2.4491039517499995e6 1868.5
1993.3910330136987 9.198863047517428 2.4491312270500003e6 1869.5
1993.465759863013 10.057044878850833 2.44915850235e6 1870.5
1993.5404867123284 11.201245424926395 2.4491857776499996e6 1871.5
1993.6152135616435 12.99961784844475 2.4492130529499995e6 1872.5
1993.6899404109586 11.30746459803196 2.4492403282500003e6 1873.5
1993.764667260273 11.01016615107339 2.4492676035499997e6 1874.5
1993.8393941095885 7.830467187680868 2.4492948788499995e6 1875.5
1993.914120958904 6.824372673582624 2.44932215415e6 1876.5
1993.9888478082191 8.789778385193792 2.44934942945e6 1877.5
1994.0635746575338 5.474036512919951 2.4493767047499996e6 1878.5
1994.1383015068495 6.244696484813702 2.4494039800499994e6 1879.5
1994.2130283561637 6.4824186993207285 2.4494312553499998e6 1880.5
1994.2877552054797 4.346670177097268 2.44945853065e6 1881.5
1994.3624820547948 4.464831035215517 2.4494858059499995e6 1882.5
1994.437208904108 4.534552432871278 2.44951308125e6 1883.5
1994.5119357534252 8.26233126643882 2.4495403565500006e6 1884.5
1994.5866626027394 8.965770304533335 2.44956763185e6 1885.5
1994.6613894520551 10.546881354314413 2.4495949071500003e6 1886.5
1994.73611630137 9.622307719563755 2.44962218245e6 1887.5
1994.8108431506848 8.434485213224328 2.449649457749999e6 1888.5
1994.88557 9.606313681257264 2.44967673305e6 1889.5
1994.9602968493148 7.803872681274248 2.4497040083500007e6 1890.5
1995.0350236986299 8.539482765327586 2.44973128365e6 1891.5
1995.1097505479447 8.116199349125644 2.44975855895e6 1892.5
1995.18447739726 8.57279674958206 2.44978583425e6 1893.5
1995.2592042465753 10.618321912212979 2.4498131095499997e6 1894.5
1995.33393109589 9.536457661309857 2.4498403848499996e6 1895.5
1995.4086579452053 8.307089207849357 2.4498676601500004e6 1896.5
1995.4833847945197 10.163682562397442 2.44989493545e6 1897.5
1995.5581116438364 9.988053523875395 2.44992221075e6 1898.5
1995.6328384931508 8.965872291041505 2.44994948605e6 1899.5
1995.7075653424654 9.672746200272282 2.44997676135e6 1900.5
1995.7822921917812 8.454245947646257 2.4500040366499997e6 1901.5
1995.8570190410953 9.552046615234936 2.45003131195e6 1902.5
1995.9317458904109 10.42560306768384 2.4500585872499994e6 1903.5
1996.006438594193 9.253972885689178 2.4500858625499993e6 1904.5
1996.08097764785 7.34299626797489 2.45011313785e6 1905.5
1996.155500409836 8.403025749679408 2.4501404131500004e6 1906.5
1996.2300230874307 8.063216946515503 2.4501676884500002e6 1907.5
1996.3045457650271 7.753722789238129 2.45019496375e6 1908.5
1996.3790684426226 9.31135623395986 2.45022223905e6 1909.5
1996.4535911202183 9.627784644234959 2.45024951435e6 1910.5
1996.5281137978143 9.895713897068923 2.45027678965e6 1911.5
1996.6026364754093 8.313560674500039 2.45030406495e6 1912.5
1996.6771591530053 6.9130616405155845 2.45033134025e6 1913.5
1996.7516818306012 7.663848196571565 2.45035861555e6 1914.5
1996.8262045081965 7.775641761578122 2.4503858908499996e6 1915.5
1996.9007271857927 8.67646285405081 2.4504131661500004e6 1916.5
1996.975255400278 8.443192796986803 2.45044044145e6 1917.5
1997.0499089041098 8.736500416683018 2.45046771675e6 1918.5
1997.1246357534244 8.287564416285392 2.45049499205e6 1919.5
1997.199362602739 8.87142945860146 2.45052226735e6 1920.5
1997.2740894520546 8.544538022181502 2.45054954265e6 1921.5
1997.348816301369 10.615065548452847 2.45057681795e6 1922.5
1997.4235431506845 10.646258424083491 2.4506040932499995e6 1923.5
1997.4982699999991 8.388547640066484 2.45063136855e6 1924.5
1997.5729968493144 10.326084266346461 2.45065864385e6 1925.5
1997.64772369863 8.209113926251446 2.4506859191499995e6 1926.5
1997.7224505479448 7.893787844912079 2.45071319445e6 1927.5
1997.7971773972602 10.045462665740091 2.4507404697499997e6 1928.5
1997.8719042465746 8.410338321445153 2.450767745049999e6 1929.5
1997.9466310958894 9.734061205843158 2.45079502035e6 1930.5
1998.0213579452056 10.643928604456491 2.4508222956499998e6 1931.5
1998.0960847945196 8.794484558680177 2.4508495709499996e6 1932.5
1998.170811643836 7.874278078336246 2.4508768462499995e6 1933.5
1998.2455384931502 8.066962005076368 2.45090412155e6 1934.5
1998.3202653424646 7.8389392669271105 2.4509313968499997e6 1935.5
1998.3949921917813 7.592762047259775 2.45095867215e6 1936.5
1998.4697190410957 7.84061638515014 2.45098594745e6 1937.5
1998.5444458904117 8.503544697855647 2.45101322275e6 1938.5
1998.6191727397256 7.728584518417201 2.4510404980499996e6 1939.5
1998.69389958904 6.967997422344751 2.45106777335e6 1940.5
1998.7686264383556 5.7956310741684405 2.45109504865e6 1941.5
1998.8433532876709 6.2693146352981 2.4511223239500006e6 1942.5
1998.9180801369864 6.431965497300138 2.4511495992500004e6 1943.5
1998.9928069863008 7.644524770175879 2.45117687455e6 1944.5
1999.067533835616 6.0732431534672795 2.45120414985e6 1945.5
1999.1422606849317 7.018886942176455 2.45123142515e6 1946.5
1999.2169875342463 8.28324334426657 2.4512587004500004e6 1947.5
1999.2917143835612 6.343359086986575 2.45128597575e6 1948.5
1999.3664412328765 5.701384584755268 2.45131325105e6 1949.5
1999.4411680821918 5.946605982779265 2.4513405263500004e6 1950.5
1999.515894931507 6.760835688177848 2.4513678016500003e6 1951.5
1999.5906217808217 7.707787640723728 2.4513950769499997e6 1952.5
1999.6653486301366 4.677545056219612 2.4514223522499995e6 1953.5
1999.7400754794523 6.581677944944888 2.45144962755e6 1954.5
1999.8148023287667 6.699331652410703 2.45147690285e6 1955.5
1999.889529178082 6.14862989372161 2.4515041781499996e6 1956.5
1999.9642247156496 4.877068779388212 2.45153145345e6 1957.5
2000.0388377929905 11.42514214121533 2.45155872875e6 1958.5
2000.1133990437152 6.235872582428651 2.451586004049999e6 1959.5
2000.1879217213116 6.130627400928928 2.45161327935e6 1960.5
2000.262444398907 5.830258475112164 2.4516405546500003e6 1961.5
2000.3369670765028 6.117112856572662 2.4516678299499997e6 1962.5
2000.4114897540971 5.937312144618918 2.4516951052499996e6 1963.5
2000.486012431694 6.680526247464509 2.45172238055e6 1964.5
2000.5605351092884 6.3266049302153275 2.4517496558499997e6 1965.5
2000.6350577868848 4.901505273867662 2.45177693115e6 1966.5
2000.7095804644807 6.073889153338293 2.45180420645e6 1967.5
2000.7841031420767 6.431575226190334 2.45183148175e6 1968.5
2000.8586258196715 6.276480181721865 2.4518587570499997e6 1969.5
2000.9331493487691 6.935779718697991 2.45188603235e6 1970.5
2001.0077102818989 7.230187329294631 2.4519133076500003e6 1971.5
2001.0824194651066 7.397804224902216 2.4519405829499997e6 1972.5
2001.1571458904114 5.287345607103369 2.4519678582499996e6 1973.5
2001.2318727397255 7.215391277984042 2.45199513355e6 1974.5
2001.3065995890418 5.181240428527201 2.45202240885e6 1975.5
2001.3813264383566 4.8295423806519935 2.45204968415e6 1976.5
2001.4560532876706 5.3065248860751755 2.45207695945e6 1977.5
2001.530780136986 5.911184556909401 2.45210423475e6 1978.5
2001.6055069863012 7.267451613635399 2.4521315100499997e6 1979.5
2001.680233835616 5.971435090423354 2.4521587853499996e6 1980.5
2001.7549606849323 6.522027344952648 2.45218606065e6 1981.5
2001.829687534246 6.609871732865294 2.45221333595e6 1982.5
2001.904414383562 5.632055665558794 2.45224061125e6 1983.5
2001.979141232876 9.531979561873136 2.45226788655e6 1984.5
2002.0538680821912 7.442874505638104 2.4522951618500003e6 1985.5
2002.1285949315059 7.250547850378418 2.4523224371499997e6 1986.5
2002.2033217808214 7.303534616888928 2.45234971245e6 1987.5
2002.2780486301365 6.3885519423585135 2.45237698775e6 1988.5
2002.352775479451 7.238082714280839 2.4524042630499997e6 1989.5
2002.4275023287673 6.218697959036349 2.45243153835e6 1990.5
2002.5022291780826 6.481358544785606 2.4524588136500004e6 1991.5
2002.576956027397 6.559968080553901 2.4524860889500002e6 1992.5
2002.6516828767124 6.277720341911615 2.45251336425e6 1993.5
2002.7264097260265 6.315016894187513 2.4525406395499995e6 1994.5
2002.8011365753416 5.637876164593231 2.45256791485e6 1995.5
2002.8758634246572 6.784832212191445 2.45259519015e6 1996.5
2002.9505902739716 7.8881631425286605 2.45262246545e6 1997.5
2003.0253171232873 6.863896136035022 2.45264974075e6 1998.5
2003.1000439726029 6.357863432022403 2.45267701605e6 1999.5
2003.1747708219182 5.945390480112164 2.4527042913499996e6 2000.5
2003.2494976712326 6.713854841628562 2.4527315666500004e6 2001.5
2003.3242245205472 4.749822979976917 2.45275884195e6 2002.5
2003.398951369863 5.837593216436684 2.4527861172499997e6 2003.5
2003.4736782191771 5.131914127948203 2.45281339255e6 2004.5
2003.5484050684934 6.281654757534081 2.4528406678500003e6 2005.5
2003.6231319178075 4.6616351570009495 2.4528679431499997e6 2006.5
2003.6978587671233 3.9943589384600697 2.4528952184499996e6 2007.5
2003.7725714698033 3.991271288407792 2.45292249375e6 2008.5
2003.847213358876 3.7531145281705034 2.4529497690500002e6 2009.5
2003.9218552479488 3.5149577679332142 2.45297704435e6 2010.5
2003.9964971370214 3.276801007695925 2.45300431965e6 2011.5
2004.0711390260942 3.038644247458636 2.4530315949500003e6 2012.5
2004.1457809151668 2.8004874872213468 2.45305887025e6 2013.5
2004.220343032786 4.268797796968632 2.45308614555e6 2014.5
2004.2948657103825 4.646983189193899 2.4531134208500003e6 2015.5
2004.3693883879776 6.109617496705849 2.45314069615e6 2016.5
2004.4439110655733 5.583453337611504 2.4531679714499996e6 2017.5
2004.5184337431692 6.131740815410092 2.45319524675e6 2018.5
2004.5929564207654 5.825499668194888 2.4532225220499993e6 2019.5
2004.66747909836 6.470201117285616 2.453249797349999e6 2020.5
2004.742001775956 7.192315937615376 2.45327707265e6 2021.5
2004.8165244535514 8.339249088427952 2.45330434795e6 2022.5
2004.8910471311788 6.683068239482985 2.4533316232499992e6 2023.5
2004.9655699482998 6.847420332857928 2.45335889855e6 2024.5
2005.040202328767 5.827523564851268 2.45338617385e6 2025.5
2005.1149291780819 5.917416577931861 2.45341344915e6 2026.5
2005.1896560273967 6.321460627738978 2.4534407244499996e6 2027.5
2005.2643828767125 6.397379962455637 2.4534679997499995e6 2028.5
2005.3391097260267 4.941649391828771 2.4534952750500003e6 2029.5
2005.4138365753429 6.490464594178391 2.4535225503499997e6 2030.5
2005.4885634246575 7.994191975577617 2.45354982565e6 2031.5
2005.5632902739726 7.536456978184188 2.4535771009499994e6 2032.5
2005.6380171232877 6.450839518805241 2.4536043762499997e6 2033.5
2005.7127439726023 6.680353901168327 2.45363165155e6 2034.5
2005.7874708219176 7.417535704297097 2.45365892685e6 2035.5
2005.862197671233 6.727131215817219 2.45368620215e6 2036.5
2005.9369245205478 7.272517402597538 2.4537134774499997e6 2037.5
2006.0116513698622 7.998937737841519 2.45374075275e6 2038.5
2006.086378219178 7.714663229648803 2.45376802805e6 2039.5
2006.1611050684937 7.291022126380118 2.4537953033499997e6 2040.5
2006.2358319178074 7.821345473547324 2.45382257865e6 2041.5
2006.3105587671234 6.346886287551239 2.45384985395e6 2042.5
2006.3852856164374 5.9758408602041 2.4538771292499998e6 2043.5
2006.4600124657525 6.783064228745153 2.4539044045499996e6 2044.5
2006.5347393150687 8.299394442478935 2.45393167985e6 2045.5
2006.6094661643833 6.941179743136868 2.4539589551499994e6 2046.5
2006.6841930136984 6.4844271004821685 2.45398623045e6 2047.5
2006.7589198630137 7.692508346331559 2.45401350575e6 2048.5
2006.8336467123277 7.4511151007864935 2.4540407810500003e6 2049.5
2006.9083735616439 5.119265279303069 2.4540680563499997e6 2050.5
2006.9831004109587 5.533690712923141 2.4540953316499996e6 2051.5
2007.0578272602734 5.948116146543213 2.45412260695e6 2052.5
2007.1325541095896 5.7271598268704995 2.45414988225e6 2053.5
2007.2072809589044 6.11498528788402 2.4541771575499997e6 2054.5
2007.2820078082198 6.771489101043855 2.4542044328500004e6 2055.5
2007.3567346575337 6.473236325214764 2.45423170815e6 2056.5
2007.4314615068486 5.161894773745339 2.45425898345e6 2057.5
2007.5061883561643 5.7341435256350115 2.4542862587499996e6 2058.5
2007.5809152054799 6.311284355547478 2.45431353405e6 2059.5
2007.6556420547947 5.6784400478905965 2.45434080935e6 2060.5
2007.7303689041094 5.292743889377058 2.4543680846499996e6 2061.5
2007.8050957534242 6.626006998067885 2.45439535995e6 2062.5
2007.8798226027398 6.102609485787335 2.45442263525e6 2063.5
2007.9545494520546 5.711680376796476 2.4544499105499997e6 2064.5
2008.029194697111 4.833424283985495 2.45447718585e6 2065.5
2008.1037189890712 4.0785479289926725 2.45450446115e6 2066.5
2008.1782416666667 4.102280267379045 2.4545317364499997e6 2067.5
2008.252764344262 3.7442908325569104 2.45455901175e6 2068.5
2008.3272870218575 4.8609508053382005 2.45458628705e6 2069.5
2008.4018096994528 5.073318224093898 2.4546135623500007e6 2070.5
2008.4763323770485 5.264554614773634 2.4546408376499997e6 2071.5
2008.5508550546447 5.042953542161321 2.45466811295e6 2072.5
2008.6253777322404 6.1500733133375665 2.45469538825e6 2073.5
2008.6999004098357 6.218116881156282 2.45472266355e6 2074.5
2008.774423087431 4.987595711415384 2.4547499388500005e6 2075.5
2008.8489457650267 5.9780786336654455 2.45477721415e6 2076.5
2008.9234688255044 6.023015937997 2.45480448945e6 2077.5
2008.9980158795922 5.7409868404730675 2.4548317647499996e6 2078.5
2009.072712647727 6.520588936051571 2.45485904005e6 2079.5
2009.1474393150688 6.249637211602437 2.45488631535e6 2080.5
2009.2221661643828 5.83805644767671 2.4549135906499997e6 2081.5
2009.2968930136994 5.313603243924407 2.45494086595e6 2082.5
2009.3716198630138 5.7723627459555775 2.4549681412499994e6 2083.5
2009.4463467123285 8.602005637280437 2.4549954165499993e6 2084.5
2009.5210735616442 5.834473869198106 2.45502269185e6 2085.5
2009.5958004109584 5.825345007748848 2.45504996715e6 2086.5
2009.670527260274 5.415690090879648 2.45507724245e6 2087.5
2009.7452541095888 6.5594880327948335 2.45510451775e6 2088.5
2009.819980958904 6.815434614852386 2.45513179305e6 2089.5
2009.8947078082194 6.096146883929828 2.4551590683500003e6 2090.5
2009.9694346575336 6.834600766424972 2.45518634365e6 2091.5
2010.0441615068492 6.313378383706642 2.4552136189500005e6 2092.5
2010.1188883561642 4.8141392885051655 2.4552408942500004e6 2093.5
2010.1936152054793 5.978129431544848 2.45526816955e6 2094.5
2010.268342054795 5.2940969660390085 2.45529544485e6 2095.5
2010.34306890411 5.858930991149071 2.45532272015e6 2096.5
2010.417795753425 5.934392289828856 2.4553499954500003e6 2097.5
2010.4925226027392 5.207042504475479 2.45537727075e6 2098.5
2010.567249452054 5.365288693590581 2.45540454605e6 2099.5
2010.6419763013694 5.076642687806675 2.4554318213499994e6 2100.5
2010.716703150684 4.336422299680915 2.45545909665e6 2101.5
2010.7914299999993 6.785242247283965 2.45548637195e6 2102.5
2010.8661568493144 6.467129390907107 2.455513647249999e6 2103.5
2010.94088369863 6.799598271832219 2.45554092255e6 2104.5
2011.0156105479455 5.687919568882851 2.45556819785e6 2105.5
2011.0903373972596 6.848100247204712 2.45559547315e6 2106.5
2011.165064246575 5.48383808604477 2.45562274845e6 2107.5
2011.2397910958903 5.437173636428691 2.45565002375e6 2108.5
2011.3145179452056 4.795482414636741 2.45567729905e6 2109.5
2011.3892447945198 6.402814136890881 2.45570457435e6 2110.5
2011.463971643835 5.1286054220616055 2.45573184965e6 2111.5
2011.5386984931513 5.101773947718243 2.4557591249499996e6 2112.5
2011.6134253424657 4.767296325222087 2.4557864002500004e6 2113.5
2011.6881521917799 5.051263415169771 2.45581367555e6 2114.5
2011.762879041096 6.663746181731578 2.45584095085e6 2115.5
2011.837605890411 5.86584271748277 2.45586822615e6 2116.5
2011.912332739726 5.12714186065147 2.45589550145e6 2117.5
2011.9870476727924 7.376416215573279 2.4559227767499997e6 2118.5
2012.0616172271848 6.225401038000411 2.45595005205e6 2119.5
2012.1361403005465 6.837347904462634 2.4559773273499995e6 2120.5
2012.2106629781422 5.756450559911026 2.4560046026500002e6 2121.5
2012.2851856557372 7.06338253864253 2.45603187795e6 2122.5
2012.3597083333336 5.686984197157619 2.45605915325e6 2123.5
2012.4342310109296 5.29123364269003 2.45608642855e6 2124.5
2012.5087536885246 5.07757721004309 2.45611370385e6 2125.5
2012.5832763661201 5.7584316467318235 2.45614097915e6 2126.5
2012.6577990437152 5.596963172986778 2.4561682544499994e6 2127.5
2012.7323217213102 6.524303060226454 2.4561955297499998e6 2128.5
2012.806844398907 5.360275564541865 2.45622280505e6 2129.5
2012.8813670765023 6.1008519752864805 2.45625008035e6 2130.5
2012.9558898022474 7.331042947153995 2.45627735565e6 2131.5
2013.0304966863746 6.859024894196455 2.4563046309499997e6 2132.5
2013.105222605566 7.390899260438664 2.45633190625e6 2133.5
2013.1799494520546 8.066474480004768 2.45635918155e6 2134.5
2013.25467630137 5.45659100202256 2.4563864568499997e6 2135.5
2013.3294031506853 6.664535830307067 2.4564137321499996e6 2136.5
2013.40413 6.566066598980376 2.45644100745e6 2137.5
2013.4788568493145 6.081771792855843 2.45646828275e6 2138.5
2013.55358369863 5.967051079922228 2.45649555805e6 2139.5
2013.6283105479458 5.0260580413516065 2.4565228333499995e6 2140.5
2013.7030373972598 4.646303059659975 2.45655010865e6 2141.5
2013.7777642465753 5.189353409018466 2.45657738395e6 2142.5
2013.8524910958897 6.01289448772472 2.45660465925e6 2143.5
2013.9272179452057 7.680578531215317 2.45663193455e6 2144.5
2014.0019447945203 4.8528679119403755 2.4566592098499998e6 2145.5
2014.0766716438347 5.437400600080055 2.4566864851499996e6 2146.5
2014.1513984931503 5.750638113270204 2.45671376045e6 2147.5
2014.2261253424654 5.822007373546365 2.45674103575e6 2148.5
2014.3008521917814 6.5203437962217885 2.45676831105e6 2149.5
2014.3755790410955 6.88021505360216 2.4567955863499995e6 2150.5
2014.4503058904104 7.203907499540612 2.45682286165e6 2151.5
2014.5250327397257 7.988583757867302 2.45685013695e6 2152.5
2014.5997595890399 7.3869324470564885 2.45687741225e6 2153.5
2014.674486438356 7.759659575473547 2.45690468755e6 2154.5
2014.7492132876705 7.704524175867954 2.45693196285e6 2155.5
2014.8239401369858 9.148234893500398 2.4569592381499996e6 2156.5
2014.8986669863011 10.591945611132843 2.45698651345e6 2157.5
2014.9733938356162 6.964830411091724 2.4570137887500003e6 2158.5
2015.048120684931 8.105157994811556 2.4570410640499997e6 2159.5
2015.1228475342464 7.7222250263518095 2.45706833935e6 2160.5
2015.1975743835615 7.902968872045323 2.45709561465e6 2161.5
2015.2723012328763 9.563546020886905 2.4571228899499997e6 2162.5
2015.3470280821914 7.833189862113484 2.45715016525e6 2163.5
2015.421754931507 7.784703457447044 2.45717744055e6 2164.5
2015.4964817808218 6.5412186040887885 2.45720471585e6 2165.5
2015.571208630137 6.568692428428405 2.4572319911499997e6 2166.5
2015.6459354794522 7.149125610541915 2.45725926645e6 2167.5
2015.720662328766 7.375902760058117 2.4572865417499994e6 2168.5
2015.7953891780817 7.192562476109654 2.45731381705e6 2169.5
2015.8701160273974 8.546299268453545 2.45734109235e6 2170.5
2015.9448424485133 6.742399310537172 2.4573683676499994e6 2171.5
2016.0195103992116 6.90119174686758 2.45739564295e6 2172.5
2016.0940389344266 9.43605012647728 2.45742291825e6 2173.5
2016.168561612022 8.344020548747759 2.4574501935500004e6 2174.5
2016.2430842896179 7.166723097547068 2.4574774688500003e6 2175.5
2016.3176069672127 7.2291325793119015 2.4575047441499997e6 2176.5
2016.3921296448086 6.737742120890175 2.45753201945e6 2177.5
2016.4666523224046 6.389617473297459 2.45755929475e6 2178.5
2016.5411749999992 7.099457338060063 2.45758657005e6 2179.5
2016.6156976775956 6.325471711924181 2.45761384535e6 2180.5
2016.6902203551906 7.336162200453402 2.45764112065e6 2181.5
2016.7647430327866 5.6473433548637875 2.45766839595e6 2182.5
2016.8392657103827 7.26524683134733 2.45769567125e6 2183.5
2016.913788387977 7.752622330314436 2.45772294655e6 2184.5
2016.9883231447745 5.874898806328497 2.45775022185e6 2185.5
2017.063005895002 6.637089536928097 2.4577774971499997e6 2186.5
2017.137732739726 6.834260382594794 2.4578047724499996e6 2187.5
2017.2124595890411 5.984071295600422 2.4578320477500004e6 2188.5
2017.2871864383558 6.271355355102234 2.4578593230500002e6 2189.5
2017.3619132876715 8.307888639176296 2.457886598349999e6 2190.5
2017.4366401369864 8.050157944496018 2.45791387365e6 2191.5
2017.5113669863015 6.912975206452487 2.45794114895e6 2192.5
2017.586093835617 5.178057338257541 2.457968424249999e6 2193.5
2017.6608206849312 5.598218277678085 2.4579956995499996e6 2194.5
2017.735547534246 6.522459001099078 2.45802297485e6 2195.5
2017.8102743835611 7.764431013863068 2.4580502501499997e6 2196.5
2017.8850012328764 7.447730078407859 2.45807752545e6 2197.5
2017.9597280821913 7.378100701224657 2.4581048007500004e6 2198.5
2018.0344549315066 8.402145005151626 2.4581320760500003e6 2199.5
2018.109181780821 8.705203549728434 2.4581593513499997e6 2200.5
2018.1839086301368 7.104901913169245 2.4581866266500005e6 2201.5
2018.258635479452 6.998269624384112 2.45821390195e6 2202.5
2018.333362328767 6.58792416801251 2.4582411772499997e6 2203.5
2018.4080891780825 7.169307950319539 2.45826845255e6 2204.5
2018.4828160273958 7.20774457446333 2.45829572785e6 2205.5
2018.5575428767118 7.573764945633401 2.4583230031500002e6 2206.5
2018.6322697260266 6.969064813735321 2.4583502784499996e6 2207.5
2018.7069965753406 7.103702857168498 2.45837755375e6 2208.5
2018.7817234246572 7.09160155855002 2.45840482905e6 2209.5
2018.856450273972 7.68509195856966 2.45843210435e6 2210.5
2018.931177123287 6.349055202528391 2.45845937965e6 2211.5
2019.0059039726023 6.257832220363129 2.4584866549499994e6 2212.5
2019.0806308219169 5.840530655403425 2.4585139302499993e6 2213.5
2019.1553576712324 5.584266550509031 2.45854120555e6 2214.5
2019.2300845205473 7.194148322631357 2.45856848085e6 2215.5
2019.304811369864 6.517271667075364 2.4585957561500003e6 2216.5
2019.3795382191781 6.827674792881505 2.458623031449999e6 2217.5
2019.4542650684941 7.647903217183038 2.4586503067500005e6 2218.5
2019.5289919178085 7.197722203348069 2.4586775820500003e6 2219.5
2019.6037187671225 6.48910488279426 2.4587048573499997e6 2220.5
2019.6784456164385 5.5515693384335965 2.45873213265e6 2221.5
2019.7531724657536 6.6943908352174635 2.45875940795e6 2222.5
2019.8278993150684 7.834286168360576 2.4587866832500002e6 2223.5
2019.9026261643835 7.264607100780011 2.4588139585499996e6 2224.5
2019.9773493207924 7.051130177104757 2.4588412338499995e6 2225.5
2020.0519375683057 6.858666085723636 2.4588685091500003e6 2226.5
2020.1264602459014 5.935603234765501 2.4588957844500006e6 2227.5
2020.2009829234964 6.412571899611007 2.45892305975e6 2228.5
2020.2755056010938 5.8189244269660545 2.45895033505e6 2229.5
2020.3500282786883 7.5849040824751945 2.4589776103499997e6 2230.5
2020.424550956285 7.81984510659657 2.4590048856500005e6 2231.5
2020.4990736338793 7.914904880393906 2.4590321609500004e6 2232.5
2020.573596311475 6.061306491990892 2.45905943625e6 2233.5
2020.6481189890712 6.945849175294981 2.45908671155e6 2234.5
2020.7226416666663 6.656086121265048 2.45911398685e6 2235.5
2020.7971643442618 8.112421796988931 2.45914126215e6 2236.5
2020.871687021858 5.991101592491418 2.45916853745e6 2237.5
2020.9462096994532 6.000557477877968 2.4591958127500005e6 2238.5
2021.020794380947 7.697698964612799 2.45922308805e6 2239.5
2021.0955160273973 6.907057153708579 2.4592503633499998e6 2240.5
2021.1702428767119 6.244188178845574 2.459277638649999e6 2241.5
2021.2449697260274 6.953058574011466 2.45930491395e6 2242.5
2021.3196965753425 6.398341144685894 2.4593321892500003e6 2243.5
2021.3944234246578 7.730717398637674 2.4593594645500006e6 2244.5
2021.469150273973 5.676459723939036 2.45938673985e6 2245.5
2021.5438771232882 7.238393342502921 2.4594140151499994e6 2246.5
2021.618603972603 7.8651327528672645 2.4594412904499997e6 2247.5
2021.6933308219177 8.238292093138224 2.4594685657500005e6 2248.5
2021.768057671233 8.576242208263091 2.45949584105e6 2249.5
2021.8427845205476 7.319625907346812 2.45952311635e6 2250.5
2021.9175113698627 6.240791839259877 2.4595503916499997e6 2251.5
2021.9922382191783 5.324086211702306 2.4595776669499995e6 2252.5
2022.066965068493 5.655708127867882 2.459604942250001e6 2253.5
2022.1416919178084 5.503003403164562 2.4596322175500006e6 2254.5
2022.2164187671221 6.688605323033048 2.45965949285e6 2255.5
2022.291145616438 5.250241716282531 2.45968676815e6 2256.5
2022.3658724657528 6.7892276941764385 2.4597140434499998e6 2257.5
2022.4405993150685 6.209423748429259 2.45974131875e6 2258.5
2022.5153261643832 8.393138042555371 2.4597685940500004e6 2259.5
2022.5900530136978 5.996778134811972 2.45979586935e6 2260.5
2022.6647798630124 5.4023752620856005 2.45982314465e6 2261.5
2022.7395067123289 6.844956113018979 2.45985041995e6 2262.5
2022.8142335616433 5.689498415794002 2.4598776952500003e6 2263.5
2022.8889604109581 6.8790150722449726 2.4599049705499993e6 2264.5
2022.9636872602734 6.312821951918912 2.4599322458499996e6 2265.5
2023.0384141095883 5.802763548861681 2.4599595211500004e6 2266.5
2023.1131409589043 6.550486087746222 2.45998679645e6 2267.5
2023.1878678082187 6.018149637717587 2.4600140717499997e6 2268.5
2023.262594657534 5.7144886511792246 2.46004134705e6 2269.5
2023.337321506849 4.859731872306853 2.4600686223500003e6 2270.5
2023.4120483561646 6.308976818760469 2.4600958976499997e6 2271.5
2023.4867752054795 5.07268366309801 2.46012317295e6 2272.5
2023.5615020547934 6.667124489391486 2.4601504482500004e6 2273.5
2023.6362289041099 6.434544238585438 2.46017772355e6 2274.5
2023.710955753424 7.0638455539841996 2.46020499885e6 2275.5
2023.7856826027405 8.10346313665166 2.4602322741499995e6 2276.5
2023.8604094520547 7.174635277526637 2.4602595494500003e6 2277.5
2023.9351363013704 6.479573586641749 2.46028682475e6 2278.5
2024.0098224876076 6.024082554617615 2.4603141000500005e6 2279.5
2024.0843588797816 5.650687626903926 2.4603413753500003e6 2280.5
2024.1588815573762 6.246820878323822 2.46036865065e6 2281.5
2024.2334042349723 7.089398101284813 2.4603959259500005e6 2282.5
2024.3079269125687 8.373123520794055 2.46042320125e6 2283.5
2024.3824495901627 7.59484170460986 2.4604504765500003e6 2284.5
2024.4569722677595 9.026931378472586 2.4604777518499997e6 2285.5
2024.531494945355 8.80070446081475 2.46050502715e6 2286.5
2024.6060176229505 10.777018109565205 2.46053230245e6 2287.5
